id,answer
ef24f39f-aa85-4515-94ce-aee4403affc9,0 1 2 3
4caa7e6a-9426-44fb-a0d9-7c55d12acb94,0 1 2 3
87783305-0a8e-447c-9221-fdc42d58b5f0,10 11 12 13
9fe9ed18-f9df-426d-aaaf-8702b2823ef7,10 11 12 13
a73a4429-c284-4421-a9b1-461de2aaeacb,10 11 12 13
d08d2f0a-e8a2-4f5d-980c-5bad4a2b434b,0 1 2 3
773b548f-7cf7-4300-9a6b-1f09ab06ed80,10 11 12 13
eeabd36f-9e73-4e45-a304-341a4715ce4e,10 11 12 13
3a7dc5f5-bdf3-438d-8d3f-ffbf529d6326,71 72 73 74 75
cecf444b-7b6f-4944-88f4-287f688e269f,28 29 30 31
e7b1ee07-dd6e-453a-ba1a-bd0d1fafa7d3,294 295 296 297
222fff61-bbb6-4052-b044-7d85d7fd0c42,0 1 2 3
ad6aa1bd-bafe-4407-ab5f-29a2eb3908b6,9 10 11 12
141af4ce-2aec-43dc-854b-448478d15a78,0 1 2 3
7da7203e-8f50-48a9-93ed-30bfb4bfd795,120 121 122 123 124 125
ab2793bc-c5cc-4360-b7d8-202d652bafe5,18 19 20 21 22 23 24 25
7d1df868-80ae-4783-b201-03302b6d2937,0 1 2 3 4
2469cecb-ad84-4cf2-9fe5-4931676a0c48,0 1 2 3 4
18351b3c-880e-4eb3-a815-51680c378e9d,0 1 2 3
b44e2ccd-8aac-4c18-9c59-1a67a2c2def4,39 40 41 42
08eff96b-e922-43af-bc73-b22dc34693a5,39 40 41 42
921d3575-0a07-4573-81d7-bfcd8145a331,0 1 2 3
97b4dd2e-85d0-4668-b0ce-653ee53e4ec4,0 1 2 3
05c1d085-4f0b-49ad-a099-861c72c17c79,97 98 99 100 101 102
279b296b-081b-433e-97a8-5b3176721634,0 1 2 3
d6669f38-020c-4a64-b919-b75b2af58e20,-1 0 1 2 3
58fb8e3b-5bcd-4cfd-82b5-5b3918bec7f5,19 20 21 22
ad115e74-e1d0-4f64-8bc9-ec2ba8e31f2a,19 20 21 22
0c3fa6b7-a50e-4358-b980-a9450a58c03c,19 20 21 22 23 24
0eee6ff5-d251-40a3-b177-716d99d79adb,163 164 165 166 167 168
dd338cf9-a523-404f-aaab-86a903026f90,73 74 75 76
392285ba-3a9e-47f7-a96b-67a379e25875,20 21 22 23 24 25 26 27
7eb129a2-f400-4efb-b654-26cb157dc38f,7 8 9 10 11 12
41b9451d-98e6-44d6-b212-ce581dbb6db3,73 74 75 76
ce842c25-f3b8-40ac-bfb9-4b562978803b,20 21 22 23 24 25 26 27
6f909a75-1d30-4d81-803c-0186432bc028,48 49 50 51 52 53
02f283e7-6f64-4d9c-a18d-3c6bc59c13dc,48 49 50 51 52
1d302593-3edc-497e-abbe-b9114b36d443,128 129 130 131
d29c6dea-9ffa-46ca-860d-17935d9ed0c5,68 69 70 71
02d30eef-bd34-457b-8c63-402badee28a3,2 3 4 5
059c2698-7b22-4a06-a31a-1ad5d975224b,2 3 4 5
3aeae3f3-2a63-4625-9806-a19fbee9fbc2,2 3 4 5
fa230ed2-5184-44ce-a4a3-63e50d42df64,2 3 4 5
8750b8e1-b15f-4a30-91ae-0f5a76a7e9f6,2 3 4 5
70561c81-bb17-4e8e-9483-8474eb580348,12 13 14 15
7c8d5a90-fc06-4fa1-9a32-fe5c25cd2363,43 44 45 46
09c93296-a980-412a-9766-a561f3ff72c5,16 17 18 19
62076938-b49b-40b3-813c-5141495837cc,12 13 14 15 16 17 18 19 20 21 22 23 24 25
04fc76b7-cab4-4a73-b5d4-3b3ca827d726,12 13 14 15 16 17 18 19 20 21 22 23 24 25
ee09b30a-5ba6-49e7-9f9e-73296b708898,22 23 24 25 26 27
18a19b8e-d1ec-423a-a1c5-0ac81c8916e1,294 295 296 297
7cd45304-08c9-48f3-92e0-8c71d6310d63,294 295 296 297
4bb5f7d2-67f1-4308-8975-36ac42df0d6c,59 60 61 62
a50af5fc-ea64-4bb0-af84-2ac112c978ee,59 60 61 62
26776d75-5e03-4c14-b2c9-869dfeb202d9,221 222 223 224 225
1c47fa8c-3ea3-401e-84e9-d6e8073dd0dd,265 266 267 268 269 270 271
278f367a-d43f-4485-8e5b-6d420083019a,59 60 61 62
9b3bb21b-c79a-4d17-8fe1-8da959263b40,26 27 28 29 30 31 32
ccd0c00f-e4a4-4870-a502-544a3c1e4ab0,226 227 228 229 230 231 232
f72605e2-4ddb-47cf-8545-302fba23fbe7,226 227 228 229 230 231 232
c57dd824-073a-42b4-9537-b1ec6b830eca,61 62 63 64
8f284cf0-396b-4ed2-9d52-64905510bdc4,61 62 63 64
bbaf4a58-97db-4fdf-a717-24d0b9111ec8,61 62 63 64
4d13abc0-4044-4fcf-b95a-17730f916419,61 62 63 64
3348f4e1-e36e-42d7-9213-1c1bd81c2480,373 374 375 376 377
5f269b61-60c6-4298-857e-3398fbf3113b,12 13 14 15 16 17 18 19
8091006c-5651-4daa-a34c-d65ec2ca6874,373 374 375 376 377
aade2f0c-f232-454e-ba3f-ace5064a1578,396 397 398 399 400
3d177a64-641f-40ae-8524-126453c319a7,12 13 14 15 16
38bfa5d2-3867-4626-b644-365a16ed80cf,46 47 48 49 50
bbc7df41-b069-473e-9ab9-45d55beb009a,67 68 69 70
be9a5e3c-0af7-49be-9d1b-de2347e4d6b1,69 70 71 72 73 74
d4dce092-3184-41d4-bcce-030da35c8278,76 77 78 79 80 81 82 83
5e757a4b-46d1-4573-a162-bbc723e5ff16,375 376 377 378 379 380
bb2d254c-e164-4229-88bf-bf71586fd2cb,110 111 112 113 114 115
7ed9272b-5382-41dc-a127-53579486a17c,375 376 377 378
f0eef571-adaa-4ec0-8865-459f5f5e91e9,34 35 36 37 38 39 40 41
7e7a543b-6c0e-4b3e-b1f8-5386f03d7dc8,4 5 6 7 8 9
3e4f9057-308a-40c4-a745-90e434816db3,42 43 44 45
98e42859-7829-44e9-9b4a-bff289065f7d,9 10 11 12 13 14 15 16
1dae2978-e67b-4cfb-965e-cd3c5a836081,55 56 57 58
af0efa9e-a0c2-47e2-89ab-c037b3ce6d47,55 56 57 58 59 60
718c771a-8e88-4655-93e9-cbd4b7a4d9d8,287 288 289 290 291 292
733fcc55-7a00-4dd0-9b46-d187261e7d39,391 392 393 394 395 396
5c0038e5-fb5c-4607-bcc6-2199d1a5b8b8,135 136 137 138 139 140
7ad9edd5-0484-4e49-ab4c-1e2eb1cbfec3,234 235 236 237 238
69933ab8-90a7-4a3c-9002-8412c37ba141,234 235 236 237 238
61e5d4ab-9a3c-4f17-947a-a727de208684,71 72 73 74
65968b26-fc31-4ee2-b54a-ef68e1fef739,387 388 389 390 391
a6460242-9294-4379-8339-50d2ff7f36a1,387 388 389 390
f66e74d8-9247-4cd6-a45e-c4074a77cf81,387 388 389 390
40095bc7-8847-48a5-8a32-4882e4933ea2,354 355 356 357
a05b51dd-655a-4aa1-bf98-5f789244e1e7,51 52 53 54 55 56
49fe9a48-328e-48d8-bd1b-2b8cc278f65e,0 1 2 3 4 5
d8394dcf-dd97-48bd-b19b-022aef195260,18 19 20 21
744de74d-cf07-4d12-ad41-5e3d39d70ec2,18 19 20 21
c43d7278-e722-4a07-aa25-96bfbdde8735,18 19 20 21
546f44b2-c7f1-4b6b-85d0-25239b80dff7,18 19 20 21
699540b1-9199-4dd8-a137-9c40ef73fa7c,0 1 2 3
4ccbbe20-40dd-43ac-aeae-3c732f8351ce,0 1 2 3
80a0c6f3-6b1a-451f-957a-8ecb386866f1,61 62 63
e73b2de7-6412-440a-9afc-0ef149ead80b,61 62 63 64
809c253f-5e59-4ef2-9260-26403aacec91,3 4 5 6
25398459-e950-49eb-9da7-fde3c337a869,3 4 5 6 7
fad1769f-6ba4-434a-a4cb-e1d30a1919c5,11 12 13 14
79552f4e-f043-4640-9210-f3f3e98055c7,186 187 188 189
3d854c16-89a9-4d71-a935-79541ca0dd7f,326 327 328 329 330
62761a12-e8b2-4e52-b982-376660beffdb,16 17 18 19
6078dffb-ff28-4d4f-9b93-fb2c34c66bd5,16 17 18 19
0fd7a4fb-df8c-40d5-b5bb-be2c04d7af5c,0 1 2 3 4
26d4933c-04e9-494a-9e67-2e404147a0e2,41 42 43 44 45
a4087e56-7ef8-497a-b162-a4c25d0b7d10,233 234 235 236
b3b34bd7-a7d7-4805-8cc2-0ba0bb0ab6a2,41 42 43 44 45
be4de1af-3b01-42d5-be4f-589d291e0daf,14 15 16 17 18
a92f2bb9-058c-464b-8679-8025b922be72,5 6 7
9282b5eb-4263-431c-80dc-ff18be2acf90,14 15 16 17 18
69e23f2c-7408-4833-a874-1498fdf98e99,14 15 16 17
6dc20dca-b538-44ef-8641-617f1131bca6,40 41 42 43
6b9ae6e2-16f4-46c2-aab5-04da994256ca,356 357 358 359 360 361 362
2914a32b-a441-4019-ba48-a6219fdd7458,214 215 216
bc7653bd-c154-4c42-96e5-341c98e7c68a,13 14 15 16 17 18
ed9f48f7-73ce-4f4b-8360-32e2534ec407,0 1 2 3
948e5193-e362-47f1-94d6-16925a0a4c82,52 53 54 55
81d0303d-47c6-4e8b-885a-f534549cf77f,52 53 54 55
54fb5e73-94f7-45e4-a453-cfcff61263fa,12 13 14 15
74997d59-ea74-4b70-8f87-b7b58f933862,12 13 14 15
c55e62b9-500a-458c-aeee-7f6d48cbd6b1,239 240 241 242 243 244 245 246
c961a842-546c-49e2-9c9b-7155721cbe05,0 1 2 3 4
c035840a-272a-42c3-af95-42bf2fce3580,40 41 42 43 44 45
d93fb643-4ca7-4902-b139-203134970eaf,40 41 42 43 44 45
b6f84987-3586-4e07-9922-069a78f7d811,40 41 42 43 44 45
152c8111-8fa8-4a14-9209-e867b23a6d96,40 41 42 43 44 45
b94baabb-bb50-4832-9fea-f8a960ccea07,40 41 42 43 44 45
9c751678-2142-463e-af9c-4cb1a7274912,7 8 9 10 11 12 13
f74c6378-6a59-42bd-89b5-6718b0c0a2f6,89 90 91 92
d945ff7f-0f36-4339-9a44-f77ecc88ee3a,7 8 9 10 11 12 13
dbd88c8f-fdb2-441c-aa22-51a26af95cf2,0 1 2 3
f34ed652-0673-4fe1-a79d-954c3eeaa8f6,0 1 2 3
b597b6b8-27e8-43b2-aae9-30aac0ae6696,0 1 2 3
9403fc2f-059c-48fc-b843-26c84646c1a9,0 1 2 3
dded30dc-de9e-47e0-9c62-e9b96462b275,0 1 2 3
ed3ff016-4b9d-4fba-a1f6-a605be11de53,326 327 328 329 330 331
b2a96f3a-3912-41a8-8118-e046376fd39d,115 116 117 118
6da82128-ff03-489c-9698-844ac046aa52,87 88 89 90 91 92 93 94
9b5d7547-121e-41c0-8254-b18e6000b643,326 327 328 329 330 331 332 333
83d4abb2-70c9-44a8-9ac0-d0d7c024dc53,20 21 22 23 24 25
3d83dc8c-6153-4976-9850-aa4c0163469f,55 56 57 58
a294a8b1-bbac-483a-9e7e-1e0145d563ee,55 56 57 58
64345fdd-242a-4c1e-995b-87df2bf54c07,55 56 57 58
7277aee2-c2a9-482a-8eee-2bad3b5d0377,0 1 2 3 4 5 6 7
0766328f-7846-48ad-9b50-317d93995afe,13 14 15 16
c9865a37-83a4-4882-9bf4-4e7aac75e207,13 14 15 16
ed77c253-6b2e-4061-bb9c-3b859ad698a0,0 1 2 3 4 5 6 7
b533757b-fcb3-4e5a-b9e2-a68065d31930,148 149 150 151 152
bafa4ac2-9ecb-435b-ace1-e4a3b64e8ae0,148 149 150 151 152
581b8f32-e6e7-46ac-8af0-66136dec89ff,57 58 59 60
c8db317b-8c89-4f0e-a29b-169acda28442,7 8 9 10
522112e9-8c65-4b76-9ada-5462ce48fc8e,109 110 111 112
80a3136d-0aff-4fd9-9cd7-834c66ed2609,109 110 111 112
e23b5240-6c9c-45e9-8772-294b70bc51c8,0 1 2 3 4 5 6 7 8 9
09772cc9-0b41-4638-a526-0d4521831cef,7 8 9 10
45c1fdca-c1da-4ce6-b236-2257db244e42,26 27 28 29 30 31
3fdf84ea-d4d3-49ad-a975-cf818cad0692,31 32 33 34 35
c8ebb861-212c-42b2-96f1-129b33c6d0e8,0 1 2 3
6e702e5f-5223-4b0c-92c6-055746bde062,14 15 16 17 18
8c7ae130-dcef-454a-b7ed-0eeee0d98c4f,309 310 311 312
74220959-63af-4a54-8633-04dedd45ee26,309 310 311 312
784d29b4-641d-42f3-a8a3-ce096a5672c2,9 10 11 12
3691a57d-fb34-478d-b41a-07a15d7596a3,186 187 188 189
fb3bac8a-0d33-46f2-9ef6-ef83c8329c38,9 10 11 12
a86710b7-0ad4-4a67-b756-9b117d88718f,11 12 13 14 15 16
15f39fa2-1a58-412a-b30c-91cf58b18215,20 21 22 23 24 25
72c2b573-7f27-4399-a09f-f3fc3e22f66a,11 12 13 14 15 16
013b905a-c714-4deb-92f2-b4811928114d,11 12 13 14 15 16
86f78c5a-271c-4854-9827-a275e558ab13,78 79 80 81
6f8bd9b0-159a-413a-a0c7-bdc3327c6d79,184 185 186 187
3d342d5d-7c17-4e0d-ac41-7b388cc5d333,0 1 2 3 4 5
6dfbb9af-ddb4-4c85-875a-b6faa281d6d2,14 15 16 17
94c229df-e8d0-476b-97a6-fcba96a71b83,193 194 195 196
de6f825f-26b0-4879-ae3f-fd460d03ab84,0 1 2 3 4 5
99999f43-a8d5-45b7-9e6f-bfdfe1218b4a,378 379 380 381
75810ee0-4cc5-4346-92fb-4e0bd6e901de,48 49 50 51 52
8e7541d3-23c9-46ab-9871-19a1e0db6644,48 49 50 51 52
67f6eda5-4221-4e8f-bc01-0f07e27401df,158 159 160 161 162
cf405082-2f50-4c6e-9bd2-d96b4514fe20,48 49 50 51 52 53
d48658e7-d908-4c14-9416-f8479ebc3f28,70 71 72 73
6ce461ce-e6fe-450c-86c7-0d9e14a1eab6,35 36 37 38 39 40
d5b5dadc-12c6-41b5-a76b-a96f648e0ed3,0 1 2 3 4
a81d7d27-8751-4757-81da-4aacc041b5c6,0 1 2 3 4
d782f60d-afe8-4d84-891d-5a8ee743406c,274 275 276 277 278 279
f985b846-59a2-4ba2-a4fb-45886230c2d4,3 4 5 6
59debfca-9ea5-4053-ae89-4ae68b662f1e,185 186 187 188 189
44277462-31a2-4981-8789-53566f2105ef,477 478 479 480
989e57ee-6359-4c05-8518-7df62b6f45dc,14 15 16 17
b7f1ddd4-ff58-44a9-8d0a-30a94861bc86,14 15 16 17 18
c1900bb5-0086-4401-b49f-c4964603b403,14 15 16 17
c316ca5a-c0fb-4ba4-92d2-80e6226d3ad3,14 15 16 17
f60257ce-644c-4bda-8258-29fe46b3695a,9 10 11 12
b5023b83-1b90-405a-a12d-449136ac1afd,17 18 19 20 21 22 23 24 25 26
2cd539fe-f49e-4afe-bce0-bf450fbf798c,17 18 19 20 21 22 23 24 25 26
12c7425a-37a5-4f2a-927f-f02b4f51e8c1,17 18 19 20 21 22 23 24 25 26
5efc0721-763f-41bc-b01c-662a6fa40ad8,44 45 46 47 48 49 50 51
ac285320-8607-4fb7-a091-ac00ad598beb,38 39 40 41 42 43
1669d48d-d2c2-492b-813f-b6f44792cc37,142 143 144 145 146 147
6ffe7ab6-462b-44bd-9dbd-c27b3c5b4c61,17 18 19 20 21 22
cad34aaf-7db9-4699-8b43-20b41a011493,17 18 19 20 21 22 23
2baf1859-2ff1-40df-8345-9f6f293f9a4f,17 18 19 20 21 22 23
6c2471b8-7820-467c-88cc-ff1ec590cc13,17 18 19 20 21 22 23
ea103165-8cf4-4608-af07-15ff81e9d2c2,17 18 19 20 21 22 23
265f6b86-3f43-453e-bf2e-7ce2c0bba420,264 265 266 267
ad05f34a-fcf9-4c0b-9d2c-e16f9b95d228,264 265 266 267
4d9515df-5316-4e25-b7b2-f1126f26e2c6,61 62 63 64 65
157efbba-9bd1-45a5-88bc-7a1b5e9468cd,67 68 69 70 71
989a1411-105c-46f0-b307-8ed7a64bccbc,20 21 22 23
f66aec00-a365-4577-961a-42e07eb767ff,67 68 69 70 71
a4aa72ba-4d6f-405c-963f-9255b6cc872b,132 133 134 135 136 137 138 139 140 141
b53a2901-8a61-4fd8-a433-4a5fff472381,58 59 60 61 62
4204b317-539f-4b33-8739-98efc220449d,19 20 21 22
a0b3f42a-6a9c-47bf-8789-82de59cc05af,58 59 60 61 62 63
280e4eef-9fdc-452b-b605-472f56c0c6ed,99 100 101
ee42b811-9bae-4706-8870-c106e0c6e54f,99 100 101
c6dc15f3-a20c-4bf8-aaf5-94635b53e0a1,299 300 301 302 303
fdcae888-1a27-499e-a0f0-d3c3e0cdc50f,299 300 301 302 303
4936e899-5bbe-457b-adb7-e2b3e5da7e28,138 139 140 141 142 143 144 145
a54acf86-b023-4b5c-8acc-e725cfaa2161,138 139 140 141 142 143 144 145
5df677be-db39-4d44-8892-44362ff77045,364 365 366 367
06e6a313-d08f-4287-8bdf-d61769968120,7 8 9 10
1c46bf42-3268-464f-98b7-a1d338246539,204 205 206 207
f83e0ef7-94f8-472f-8bd0-71c46aa3d414,55 56 57 58 59
ca71be18-64de-4a23-9ad8-b45c6f4da75a,0 1 2 3
8306b5be-1e97-4c04-8d80-9f7b3c2c32c2,252 253 254 255 256
8bfcc24c-ec6a-459c-978f-f29740b9d7ed,15 16 17 18
f94ad47f-b58a-41c8-8398-c36a7c74ba3e,336 337 338 339 340
df9c6a36-dbbb-4880-9b66-69be17107aa9,10 11 12 13 14 15
8653f4f2-138f-41c9-8e42-80a6f15df399,404 405 406 407 408
eaccf25f-9c44-4b19-ab24-d6e0fcb1970d,10 11 12 13 14 15
4e9ed413-d5c2-4a5e-b2a7-54956a361ceb,32 33 34 35
ddefb972-0a63-4ce1-97a5-5c26e38cae5a,32 33 34 35
6a7149a0-9f43-4f94-b9a1-51848df6df0f,32 33 34 35
ecd4f41f-9ded-4e9d-995d-f9c26c17b1a7,32 33 34 35
a1262134-47f8-4988-8172-5705fdd1279a,0 1 2 3
99e1e381-db02-4b2c-9c3c-2f524bc2772d,13 14 15 16
aaa3e4e8-096e-4c75-8232-5ed6c36b5f5d,13 14 15 16 17
5df01ae9-39fe-4125-ba3e-6cc7421b21b7,142 143 144 145 146
2a0e0052-3319-43d9-bbd9-c029614a9c73,0 1 2 3 4
a71f5e35-23d4-4961-8eb9-20f0f2015036,109 110 111 112 113
3978ee37-c4ed-4b05-9933-6acce4c441c5,47 48 49 50
47d9455c-0ab5-468a-8c68-cf4d7f05771d,47 48 49 50
6f55f945-ecae-44ff-9028-f54a4c9317ce,47 48 49 50
3fb8b2ae-5ec8-448d-a93e-3ece2cf096db,47 48 49 50
102ce4b9-af9d-4881-97ec-d798239d8795,54 55 56 57 58 59 60 61
910856e8-be7a-43a3-9af5-8d544f6cfd9d,54 55 56 57 58 59 60 61
06aec1fc-c143-422f-9498-480542eb6e07,0 1 2 3 4
533bf4f5-c4a5-4caa-9d17-e65358cf6be3,0 1 2 3
4fc40282-7668-452d-8926-d20b5abdecfb,54 55 56 57 58 59 60 61
13e93774-1140-4751-9162-823d3ea90b4e,107 108 109 110 111 112
96919de1-e701-41a0-bfab-51a5a347d293,107 108 109 110 111 112 113 114
9226c4be-c3a8-4d30-8d89-1e7b3a73603f,107 108 109 110 111 112 113 114
d947ed9c-9779-4457-b55c-8a3c23c852c2,40 41 42 43 44 45
a317bb1d-9b81-40cb-8aa9-d24f68ee0680,4 5 6 7 8 9
1d040864-fd8c-4e8f-84fc-9242672d6204,143 144 145 146 147 148
20e5d8bb-939c-443e-997e-bd2a181b8ff5,89 90 91 92 93
8a21ded7-c2b2-4850-b730-081378209114,15 16 17 18 19 20
9d2c6bd6-f05b-480b-9011-c40c0c134359,9 10 11 12 13 14 15
21bf4322-92d4-4d19-8032-b5258908c5e5,15 16 17 18 19 20
468d6395-e22a-4bf2-b7c9-2394a38cda8a,9 10 11 12 13
19927ea5-f3e4-47d5-858f-8bc2e61b13f6,15 16 17 18 19 20
67fcd9a3-1509-4094-a459-ff02956e40c1,24 25 26 27 28 29
aea5876c-c019-4dff-abfb-1bdab3f9ce17,24 25 26 27 28 29
58ed0d47-7e8f-4761-bd16-9b327b0ef848,24 25 26 27 28 29
cfc67a42-7344-44d9-8d18-50f26b6a7032,360 361 362 363 364 365
8f3759f4-af3e-4636-af05-2c96cf60c4f1,115 116 117 118
527604ff-25dc-470a-8007-7d718f3d86f7,5 6 7 8
ccda83f5-543f-4608-9569-b7dc19504d16,70 71 72 73 74
aca1479a-0372-4ea0-9b64-9058f1eea6b1,0 1 2 3
47a7e7d5-3319-4092-b8d2-ea3f738bdd5e,33 34 35 36 37
57724efc-1998-4b8d-bf80-8d086f621738,124 125 126 127
b2c07f96-66e2-485e-94d3-dce3ce3371d9,238 239 240 241 242
79b47654-1435-468d-b7b5-bf8c133932dd,1 2 3 4 5 6
0790e6d5-84d7-428c-ab90-bbf04572a25a,130 131 132 133
962256de-82aa-499e-a272-070e2c940a48,12 13 14 15
1e23c397-0f22-4841-84cc-fa7a8a3cf287,4 5 6 7 8 9
34451d84-2288-4e7a-aaf6-de2c4db02a06,4 5 6 7 8 9
8e040eed-9e6f-44b8-bb4c-45273a8e93f8,78 79 80 81 82
101e149c-6c40-4293-ae8c-f92de5f14f33,178 179 180 181
d117ea62-8932-476b-98c5-1435031b3083,178 179 180 181
823be995-855e-4567-a839-eace5f6ce891,424 425 426 427 428 429 430
729ce5a2-178b-4f7c-acad-1eaa10132d17,0 1 2 3 4 5
ea951413-0520-4c4e-b584-d07475887069,0 1 2 3 4 5 6 7
d450611c-7a1f-4d8a-9354-1303ac615fe7,0 1 2 3 4 5 6 7
4192361d-bbdd-4014-b28b-2eb3cd0d27b9,12 13 14 15 16
396a966a-5977-4126-b7da-40c1971294a6,12 13 14 15 16
4e0172a9-f2b1-4d39-b128-e76ce91b9b22,12 13 14 15 16
dcb30bbe-bfd2-45fa-a821-624d2174017a,119 120 121 122
33591b1b-e73e-422c-bf5d-00f092082ef6,119 120 121 122
a7e4cb1f-527c-4d6a-9a97-4c325111fe0e,119 120 121 122
d6dbc827-1df2-4faa-ab00-a7bca516196a,0 1 2 3 4
f7d609e4-8855-4fb0-b8fa-ced4699af52c,0 1 2 3
09299602-7846-47db-b043-1ce918d7c55e,143 144 145 146
6e0b66bc-2d83-49eb-8b90-f658b989b96e,0 1 2 3
b624f262-2f13-469b-9c5b-8c69bdaefe58,0 1 2 3
411d2003-74ed-47b5-bbb7-18ff30cb2412,0 1 2 3
13c2cf13-ed2b-4225-809c-62aabc122f32,0 1 2 3
76a178f9-1f57-4275-b8b6-82efce7a4291,0 1 2 3 4 5 6 7
9baff68e-7383-45e3-9721-eed0ff8d351a,0 1 2 3 4 5 6 7
beb716fb-9374-4f5c-99d4-39672b09b9b2,0 1 2 3 4 5 6 7
a073cb23-c8dd-4e4e-ae1b-b7c482fbd789,0 1 2 3 4 5 6 7
130795c1-36ad-4c41-9e92-d4fde6ee97f4,353 354 355 356 357 358
05fdf4db-47ba-4af3-b817-d5a680ff6710,0 1 2 3 4 5 6
c808ad1a-daa2-47df-9523-8db33967b0ec,353 354 355 356 357 358
bcc6fab4-cf83-4d80-b983-6452b6402f48,0 1 2 3 4 5 6 7 8 9
9370f002-935d-4010-ad83-19fc5cf4b0c1,0 1 2 3 4 5 6 7 8 9
e4b6b14c-2286-4dd2-9679-57183403c320,279 280 281 282
7fae4055-dbe5-4972-81b0-9ff65a37bee2,13 14 15 16
d06adf1d-f3e9-4333-929b-bce942a4a7f8,13 14 15 16
110f8dc7-9486-437a-90cb-ca39d7b45f15,299 300 301 302 303 304
678d823b-c16a-4ccb-8d6c-99eb015bf9e3,299 300 301 302 303 304
545ec89b-6bd8-4d5e-8cc4-704230123e20,102 103 104 105
13322905-1391-468a-8cd0-f02ada8784e9,2 3 4 5
bd373bbf-3040-4ab2-9297-aa356e5728ff,2 3 4 5
205fbca6-80ab-474a-b050-c4965a3bc462,97 98 99 100 101 102
72f54de8-4aeb-4645-86ea-dee03ada3c27,97 98 99 100 101 102
b7fda5b5-e851-4a46-aa9f-e96d2f97187d,11 12 13 14 15 16
30a315d7-fbdd-4c25-b66b-77641c0317c7,0 1 2 3 4
f47d3c99-610c-4536-843e-1d03cba10b4b,15 16 17 18
9e8916fa-2aec-478a-8a5e-33013b74c808,0 1 2 3 4
f9e18d01-e46d-4942-bead-38ecb373f2d6,47 48 49 50 51
1b05d070-8839-495d-94f3-f546c6fe67ae,0 1 2 3 4
469de261-7ece-4e62-93c8-6f69d2de0434,47 48 49 50 51
fa38b6f3-99f0-4241-b1ef-847861ab1dda,0 1 2 3 4 5 6 7 8 9 10 11 12 13 14 15
b1de03ba-6867-4430-a4d3-b035adf4a8d3,44 45 46 47 48
41dd3159-874e-47da-af27-64b2b1b07c52,33 34 35 36 37 38 39 40 41 42 43 44 45 46
c2edae5a-f1bd-4386-98c5-43b938a2d692,0 1 2 3 4 5 6 7 8 9 10 11 12 13 14 15
d0e8ba9a-217f-4c5c-b363-8823361647a0,14 15 16 17
e9fed232-fa41-4aa0-9e09-c02f091c62a3,102 103 104 105 106
74c76faa-66cc-4766-a69a-427212b3d498,14 15 16
3613aeb1-c607-4cb9-b322-3d78d3365a2a,8 9 10 11
dd1fb794-cfee-49ef-af75-b8394d65d46a,17 18 19 20
a38cd83a-2235-4e35-a689-f92ac6bb6794,254 255 256 257
5143eff6-2a23-461b-b14a-d6800ad5c6aa,8 9 10 11
4e8f9d33-0ec0-4b65-adb8-7a0da29cfe8f,8 9 10 11
5b03d89c-1636-49aa-a543-665b37d31e4a,5 6 7 8 9 10 11 12 13 14 15 16 17 18 19 20 21
5af521c7-8bf2-4041-bd5e-2398a83499aa,12 13 14 15 16 17
8a70c321-566c-4f81-a04a-b5ea5fc953e5,174 175 176 177 178
b3fdfbf6-80bb-47f7-a819-b6c2ab31b3b7,13 14 15 16 17 18 19
60d0db85-fdb5-4a3e-b2a1-951469cb5f64,6 7 8 9 10 11
256b0a8b-b3ca-4a24-97de-db7f527ab8fa,6 7 8 9 10 11
fd8d63a9-3053-440f-b4cf-7b35213095b5,6 7 8 9 10 11
aa8b34a4-ce4d-4730-8ad1-29815c9c8787,308 309 310 311 312 313
86d82d4a-5629-450f-9540-2ca3b1046ace,31 32 33 34 35 36 37
d216514e-9898-4346-9621-9e6baea07372,31 32 33 34 35 36 37
0a947587-7ae0-4e15-adea-b95d1c27cc0e,395 396 397 398 399 400
628bb972-3a77-4896-8843-3e8847c80678,48 49 50 51
0817591c-e700-4480-8fb7-19134e2e25f7,0 1 2 3
625c0a34-e4e3-4b89-9cb3-5c7a3f374181,0 1 2 3
569c8092-9cba-4b17-9055-6fb9d56735f2,0 1 2 3 4 5
275eb94c-2725-4931-84a8-8c5ba283979f,0 1 2 3 4 5
484b095e-0613-4633-b2fa-b7745314fc4a,-1 0 1 2 3
52312b75-e7b6-4a1f-9c46-53ae68a05465,0 1 2 3
dfe7b0f2-bc25-494d-93f5-c3e68c8d2de1,0 1 2 3
5cce4cbb-abb4-4836-8979-a426cd6513d9,0 1 2 3
7d7cf93e-1dcb-41c7-b946-c937086f196d,0 1 2 3
68581445-1bd0-439f-a8af-a506cced6c7b,0 1 2 3
ba626559-dc72-480f-bc77-6f0928f0b236,0 1 2 3
3afd7e6f-191b-4083-9442-277f5b875744,27 28 29 30
5d2ca538-db94-4817-a738-ba0a01ea21d9,0 1 2 3
691e48a6-ea9a-415f-9c06-9bf34f6ca34e,35 36 37 38
713df77c-2433-45d1-bfad-3eb43a37c691,17 18 19 20 21
6e6dc02c-4f35-4fa7-9632-fac7e940ad00,17 18 19 20
04383538-06c2-4fca-be79-5969bef3929d,0 1 2 3 4 5 6 7 8 9 10 11
ffe9a84a-04d2-4182-bfcc-2d0f77c12f05,56 57 58 59 60 61
80a7fb36-b428-40bf-899e-8f7ac050588c,56 57 58 59 60 61 62
3967c42f-7881-4d69-9155-8b204c38ecc6,0 1 2 3 4 5 6 7 8 9 10 11 12 13 14 15 16 17 18 19
23e9290f-9dfe-4895-92cd-596de4ed8773,116 117 118
8df6a2d5-a755-4544-b2bc-22bca6d54cf4,0 1 2 3 4
e033327f-2c51-4f74-b508-bce57895afa9,0 1 2 3 4
e893a9b9-ca83-4570-958f-a8b2a0a0f828,50 51 52
c2fdaaf8-96ad-4a1c-a7d2-6aa6191a6f9a,13 14 15 16 17 18 19 20 21 22 23 24 25 26
78426fcb-562a-46a9-94e2-d3c9ad16ab81,13 14 15 16 17 18 19 20 21 22 23
92cbc90a-292b-481d-a01e-ddb2c4289341,13 14 15 16 17 18 19 20 21 22
bb76f893-13b2-457e-9a47-bd077ee66667,13 14 15 16 17 18 19 20 21 22
9b0c3520-d709-48b6-b19b-90bcdff25bbf,0 1 2 3
7d34120b-a772-4869-a89b-2e7bed15fc8c,0 1 2
c5ba6eb6-6546-4574-8917-f739bdd5c978,0 1 2 3
56cf6383-67a3-45b0-802b-b3a3967b23fe,0 1 2 3
4c38e358-7fb4-4381-b1ed-79dee73b34ed,52 53 54 55 56
78f45062-174b-4158-86f2-8b6e426a587a,6 7 8
e3d05775-8a19-4ab7-b4bd-7447abe351c9,6 7 8
de72f2bf-2b0e-4bc1-bcc3-d14fb1c2eb63,6 7 8
a77bf595-280e-46a6-86a0-7ce731c5acd0,51 52 53 54
c953ff56-e599-452d-ba45-59397780753e,51 52 53 54
60658d94-b64c-488d-b587-4ed6322c3697,51 52 53 54
f07e921c-ff2c-485b-973b-9e0f161bef6f,51 52 53 54
36563852-1bd6-4021-88d4-d8452c093b05,0 1 2 3
64d04608-177b-4849-8d1c-08e12eabf47e,0 1 2 3
9255c345-2b6e-4a19-a2db-a2bef39cbdf3,303 304 305 306 307
ba587aff-7287-493e-a854-a22d70cfb817,246 247 248 249
9a13737d-36b9-44e3-9ea4-d0a31cad1498,53 54 55 56
9ca8f960-5b7b-4e0d-bcb2-b3901c74a5c6,69 70 71 72
f1170ffd-5a19-47e8-a4a3-0580e2f9017a,69 70 71 72
0c173644-0cc7-48ce-be6c-84265a128b09,29 30 31 32 33 34
686474ee-db13-4505-ae61-084f69eb984f,23 24 25 26 27 28
1fe173d1-2664-403c-87d4-22d9bf75469d,23 24 25 26 27 28
aa79fb85-bcce-4fd8-a351-484c7ef1f161,82 83 84 85 86
958a6273-d3d8-404a-9405-23876db764a0,6 7 8 9
3a725b82-39c4-4d4f-99eb-d610aba8e94b,6 7 8 9
2d295821-f886-4e92-a833-8c128f270c0a,89 90 91 92 93 94
1fb8273d-22c5-40df-8d32-9dd19fb946de,6 7 8 9
09e42659-ae7d-47a2-bf07-19e8d146605d,107 108 109 110
d9ccc3f7-2174-427f-8e04-3241943254ff,93 94 95 96
410b37c1-175f-4e9b-9ee9-1894e20efb2b,93 94 95 96
3eddfc9a-10b3-4f68-89d6-62df471a1541,102 103 104 105 106 107 108
fda103fb-15ca-472d-86df-2dbd7f8d5b75,5 6 7 8 9 10
51d24efe-f61f-4d42-953f-ef3a456ab0f8,82 83 84 85
980d09c0-a76d-47b7-ae54-bc756f4919de,57 58 59 60
4ace8c52-81d4-4854-8656-86c5b3a5fdca,170 171 172 173 174
43bcf2ff-fb69-4e71-8a16-ff2d2816fa1f,45 46 47 48
72c711d6-9533-4eb3-9ae9-250621005239,38 39 40 41 42 43
e648db5f-4c37-44d6-b84e-090c567010be,38 39 40 41 42 43
2c2d0ffe-976a-4c51-9865-35ecf5e88ecb,39 40 41 42 43 44
3233b3e2-f849-4361-8892-d247d8ef1c3f,39 40 41 42 43 44
3c57326a-113f-4ec8-9050-e79f4b7c9a7a,15 16 17 18
5e0df283-b6ae-4e33-8665-a87a310eba57,64 65 66 67
8a5ce124-87e8-464d-b684-ef8f15ae40c3,64 65 66 67
3b791052-bbc1-4056-8d8b-c8af7052c77c,64 65 66 67
ebdbf9d1-4c6e-461c-9777-81ff5175d949,0 1 2 3 4 5
c4f870c7-55db-4af4-a118-5f08239766f5,23 24 25 26
0e69ae06-3408-4007-b808-7faaed154ea2,0 1 2 3
e7981375-51dc-46b3-86aa-9b40577ec253,47 48 49
b72c4bec-31f4-4998-9d11-f3cb2d81431b,297 298 299 300 301 302
8527c5f3-b623-43ea-8277-96cc078d4f96,47 48 49 50
edd1c957-412b-4eef-93e9-c637826aafc1,127 128 129
69066d84-3a31-4b43-957f-afecdbdebf11,63 64 65 66 67 68
26cf13c2-e5b6-4ccd-b8e6-a4ffe0013f27,0 1 2 3
690886bb-80cd-4dbe-8986-c7416e953bcb,81 82 83
179eb175-3a57-493a-9984-0a54a5268164,0 1 2 3 4 5 6 7
1fe9f107-ebc0-456e-8e20-63d8d5f70848,0 1 2 3 4 5 6 7
7d712c5a-3f4c-4731-a66e-babb93ea28aa,0 1 2 3 4 5 6 7
0e8b008c-14b9-4c77-ac20-39eea41a6130,4 5 6 7
8b91043d-9be6-435f-8fb8-dc58c4cf7ad7,4 5 6 7 8 9
faefae27-1186-44ec-bd16-247dfc83fd37,11 12 13 14 15 16 17 18
4dd57202-17fe-4a69-8cff-42ba588e4847,0 1 2 3 4 5 6
52d74818-da60-4bed-9072-70a0b64797d7,211 212 213 214 215 216
3722c07e-379b-4d21-8f16-890f679e94cf,0 1 2 3 4 5 6 7
63fca6cf-8fa3-4196-aa27-3da6d4062f02,99 100 101 102 103 104
efa892e2-bf6e-4552-b271-b14dddbd8494,0 1 2 3 4 5 6 7
82313e04-8dab-4e16-a792-07f131483f4b,192 193 194 195 196 197 198 199
e242a8ab-2fac-4824-934b-d56dd8f05561,0 1 2 3
e986a492-b266-4184-abe3-4370a9e02dac,0 1 2 3 4
0c95c0ea-4653-42f5-b298-4c1644161fd1,227 228 229 230 231 232
ce3dc877-2a0c-4bb8-a40b-518b4b02d5bd,3 4 5 6
4350766b-117c-408a-a688-8a57ed00238a,3 4 5 6
f96b79fa-d1e6-4cd2-92ec-dc530f14debe,3 4 5 6
25d08873-9c2a-47c0-89bb-e36a5e8d8815,29 30 31 32 33 34
8de4bc82-120b-4eb5-be05-452499b69f07,87 88 89 90 91
c0040da9-e9a4-4bb5-ae58-a916bf3b1bf4,67 68 69 70 71 72
6d4ec911-966c-4e19-b146-4fc650cf2b64,156 157 158 159 160 161 162
1cb00380-7ac2-4489-9392-96194e9bd910,81 82 83 84 85 86
4f4e9792-c3a5-4c7f-8940-0abd0dda7949,81 82 83 84 85 86
96e8965d-3738-4ace-b026-5ab19499bdee,155 156 157
94d7baa5-0a79-42c7-b28c-456bb43ac74e,1 2 3 4 5
7672db91-22ba-409d-a543-290aea76275c,1 2 3 4 5
4baa4de4-8863-4b47-8b6e-8b516b260070,1 2 3 4 5
ed020ac7-99b5-4939-9e05-b104df79908d,4 5 6 7 8 9 10 11 12 13
785e29c1-8a3d-4822-b974-126852f7631d,11 12 13 14 15 16
b5735444-10b9-4851-aa86-8edec26482e9,11 12 13 14 15 16
8444f8a6-9095-47cc-8a28-dbc27a2195cd,158 159 160 161 162
1f3677b9-8411-4108-aa1e-bce21a3aa9bd,44 45 46 47 48 49 50 51
44cb5b9e-5c39-44e7-b2fe-a08dc1756ce2,0 1 2 3 4 5 6 7
9fa78cac-a3f2-4f49-851a-2fee9bdafcf7,0 1 2 3 4 5 6 7
9af82d43-c8c5-4ad9-ac35-e30a3f0517e0,0 1 2 3 4 5 6 7
068b73f4-ded0-4e29-b69d-e372964d534d,16 17 18 19
26f0447f-782d-4d55-baf3-a6f60cc6c010,16 17 18 19
6ce90da8-7323-4104-aa5f-8576390837a2,16 17 18 19
751a971a-64e1-4d57-be2c-8d23149f0cc0,16 17 18 19
eda4e969-d826-400e-8398-77b68526a6dc,0 1 2 3 4 5
a8b99e21-4382-4c5a-a4d3-c4940835fac9,0 1 2 3 4 5
118129a0-ee31-4574-becc-601db3c511e0,6 7 8 9 10 11 12 13
f1563838-f03a-4d1c-b4c4-2c4db48528a6,0 1 2 3 4 5
62d5fdb0-1ea8-4a54-97b0-578f95391678,182 183 184 185
84863989-8f94-4514-b212-122d3aec1222,15 16 17 18 19
1ba9349d-6112-4cfe-b94b-1e8389144dc4,182 183 184 185
145069b7-2e4c-48b0-ae80-ee17667b44ca,5 6 7 8 9 10
f1e402ad-341b-44dd-99c0-b5b4ff6725b6,20 21 22 23
a552ee1c-34ed-4080-a345-5ebfa21bdabd,9 10 11 12
3838df2c-510c-490f-aec3-eec0a07e5137,20 21 22 23
b46fb968-6c81-4a62-8f29-6bca80f9a2b5,336 337 338 339 340
0a9c8ae1-a088-4dbb-b7ad-6bf3d247d3c9,10 11 12 13 14 15 16 17
14ddc853-782a-474c-a8a5-8516f1d4a127,98 99 100 101 102 103 104 105 106 107
bfa8c1fb-f176-4c81-ba1c-dee932163987,21 22 23 24 25
0f08dd3a-c9ff-4cef-a9c7-8f84ad7f3e57,8 9 10 11 12
c93bf045-3f16-4f75-a07f-c53d5d7d5804,336 337 338 339 340
5f34d7c4-bd0a-471e-8265-628af668d916,33 34 35
9aa10503-94c4-414b-b2df-f3d0f0e4df02,33 34 35 36
8fd1b372-5e45-4163-8dcd-153819ce8843,0 1 2 3 4 5
aab1158b-7fe3-459b-9b3f-91813554f024,0 1 2 3 4 5
e2d7a256-807c-4896-a037-5fa0007bd3f2,58 59 60 61
70a29e85-2e31-47c7-b138-5905f7913413,0 1 2 3
e7d36165-3a1f-42e8-b7b4-71b1ac476bac,0 1 2 3
8373181b-eefe-44ef-aa4f-d81d764485d6,14 15 16 17
69ad0609-0a74-4ecb-913c-61d9089ca515,14 15 16 17
01a1d961-9681-4042-bb2a-4cd706e823bd,14 15 16 17
744f2714-6be1-4aee-ba97-8e617c4a3ecd,14 15 16 17 18
e160af97-2c5f-46bb-a778-b616f1586b9f,10 11 12 13
3f610da2-292e-48cf-b5a4-399910e96f6c,113 114 115 116
42857e73-58ed-452b-8672-78f13fbf9893,10 11 12 13
3a3b49aa-3a98-4d84-bb50-4ad26359427c,131 132 133 134 135
bed2cf3b-0fce-45f8-8ec3-5a95cf366eb5,4 5 6 7 8 9
590e43ab-8d72-4bea-8393-3658819ca639,0 1 2 3 4 5 6
420a290f-84f0-4abb-8195-8db97abc7870,4 5 6 7 8 9
3bf0d569-d232-4555-8e03-167b51e2347a,38 39 40 41 42
65e68320-59ad-4de8-842f-f8bbc9f3b682,132 133 134 135
976476ee-0b94-4394-9efe-4cc4e4fe1a31,252 253 254 255
230a839c-d976-44f2-9060-9a55cf9cc89a,292 293 294 295
5b1321b1-e974-4a01-bb6e-91e945162e81,0 1 2 3
1e527bb4-5786-4012-9e5d-24eee219ec04,0 1 2 3
232ad874-030e-41b4-8393-d2cf4a657ec8,0 1 2 3
806a8105-d5be-49f5-a709-978ba3e0f525,42 43 44 45 46
2115992b-b357-4a7a-80d1-868fa7d041b3,195 196
ad60c1cb-2b15-410c-bb7d-82fb9b8083ad,0 1 2 3 4
e712f31e-dbe0-495b-8e65-0b439ade05bf,9 10 11 12 13 14
20b0f146-48e8-4279-be8a-92818c95c2bb,317 318 319 320 321
5f3680e5-b266-436d-b943-a9f91f649298,320 321 322 323
45980907-4dfa-4f2b-92cd-f2638a7b9164,110 111 112 113 114 115
11b2285b-2e82-4ee7-a90c-2f7989b7f804,350 351 352 353 354 355
a6ca6094-9d09-4b89-b040-5ad961033dd5,63 64 65 66
b2b3835f-28da-480c-bfb1-6a7b7adee19d,68 69 70 71
e824803a-b4f9-4132-bf2f-c18e7e9e1f58,49 50 51 52 53
e8ef5edc-56b7-46d5-bf5e-a5ee1eb1b90f,65 66 67 68
0107d648-b727-4325-9f6f-046d86464ea7,65 66 67 68
6b53b9cd-42b6-4da8-9e6f-69696b42ef1f,65 66 67 68
61e34d36-cb2e-410c-96a2-7fd6e1547967,174 175 176 177
a82fa8b6-6c7a-4803-a692-b96efe3b54bd,283 284 285 286 287
ece10056-8ec4-4e38-a91e-b80450b702e3,73 74 75 76 77 78
b888383e-9bbf-4b18-929c-3e04bf684e47,73 74 75 76 77 78
31b0a029-cb96-40c9-b73e-a53aba40b679,59 60 61 62 63
00f3d887-45ba-4ee3-8b8a-9bb8be3441ec,7 8 9 10
b60d21ac-d680-4592-a57d-8814402e818a,338 339 340 341
a7d2d4db-5af9-4775-a893-b6c1c55bf67d,84 85 86 87
ed885d09-32f1-44b1-8424-24aee57dab65,30 31 32 33
e21ce834-6106-4b18-a41e-39594c835aa1,418 419 420 421 422 423 424
7faac9a8-3e20-430b-a753-0b1e9fc05c73,30 31 32 33
eea7c46b-f340-4e97-82ec-0a7fcacbe37d,75 76 77 78 79
8350cedd-b069-4adb-8d9f-1d843f1280a2,125 126 127 128 129 130 131 132
bf0982a8-fce8-40e8-8183-737981b9515e,75 76 77 78 79
648fa45a-8908-4116-96cb-836720113e2d,202 203 204 205 206
976f71db-7b5c-4f54-8c2b-c5b02a8ab60f,202 203 204 205 206 207 208
069232de-f1f5-45a2-98a5-0a805b10afed,24 25 26 27 28 29 30 31 32 33
eae20686-5ccd-438b-b437-61406dd6ca09,24 25 26 27 28 29 30 31 32 33
65ab6722-9fe3-4c96-ad84-18af7db5398a,10 11 12 13 14 15
9d7a671e-5834-47ff-a18f-85e138d00e75,21 22 23 24 25 26 27 28 29 30
59c0f68f-4112-4f62-862e-6a959740afcd,162 163 164
d5a47493-8f2a-4822-b89b-e249e02be7ea,307 308 309 310 311 312 313
6ea2fd9b-efc0-482a-9cdd-fe84b3498d3f,2 3 4 5 6 7 8 9 10 11
1b9f2174-fb36-40d1-ac24-42c4c2841445,257 258 259 260 261 262
013f7025-b01b-40db-8805-272ea873b7a7,2 3 4 5 6 7 8 9 10 11
a61988b1-3045-4134-b503-fd96bfff3524,9 10 11 12 13
29fd2817-e5c9-4a4c-be2a-9ce3387d0176,9 10 11 12 13 14
fe5538b5-2835-4a37-aeb4-e06245f7459d,16 17 18 19
5002f315-8138-4380-8c18-f9098f70de5f,24 25 26 27 28 29 30 31 32 33
1813043e-cbd3-4cda-9744-78845d72996e,32 33 34 35 36 37 38 39
1b41a847-6815-4682-9e1a-c859c035ee6b,7 8 9 10
df146f22-f491-4b12-8bf2-528b6841c0b4,257 258 259 260 261
00c7f534-59a2-4391-8638-a2c5e1455397,44 45 46 47 48
0af7760b-de02-45fa-a4c8-f63cc0e7c951,257 258 259 260
85ae9948-8845-4c96-aec2-66638963bbc1,5 6 7 8 9 10 11 12 13 14 15 16 17 18
94da8b8e-c967-4c23-8360-63a1fe1b598b,12 13 14 15 16 17 18 19
7525059a-4a43-4578-b368-2c51b20e264b,5 6 7 8 9 10 11 12 13 14 15 16 17 18
afacb8c2-610c-4d3f-84c3-b8815af5140c,12 13 14 15
1494e058-ca0d-4d9e-9bdf-7097083a8c3f,491 492 493 494 495 496
94769cd5-bd90-4950-a5d3-c04139f8236c,0 1 2 3
96607777-24d8-4899-b78c-959e60d08c9c,0 1 2 3
6924533c-de09-405a-8bd0-f5b146d3b129,387 388 389 390 391
a85e541c-67c1-4123-be99-d5b8f5fe347d,491 492 493 494 495 496
750e27f9-4c64-44ba-9f8f-b38ffc13ea86,276 277 278 279
e7bce9b2-36c3-4e23-8e0a-8338292407da,11 12 13 14 15 16
9937d522-b52c-40fb-ad51-3549edfc53f6,11 12 13 14 15 16
aa34b32d-a720-4704-aed4-7691d0e7888a,1 2 3 4
c4e23983-6c06-45bf-8bf2-19e304ae8a62,118 119 120 121
1bab0807-9ebd-460a-9543-c8d7b0427d37,142 143 144 145 146
a3e4db05-633e-471a-bc51-31e8a1737a8a,118 119 120 121
b171cb29-354c-4ef0-8f74-f5d2f11897b4,0 1 2 3
3eccfd75-c982-458a-a090-e58ab42faa87,0 1 2 3
92c2b628-e297-4a63-a1d7-054a4a8af00c,0 1 2 3
98fe159b-9a14-4621-9c83-6c46db5d6bac,355 356 357 358 359
20fd1c06-d01a-49a3-b474-24af9b846d36,26 27 28 29 30
1d8843c1-f90c-43aa-8cc5-3be1fecfe3c9,0 1 2 3
9e623ca7-cd17-4495-b65b-d4fa72c6464b,0 1 2 3
e6f2c9f6-0773-45fe-a628-16338ca188c9,3 4 5 6 7
c564fded-8cc8-4d1e-984e-ceacbb8382b3,3 4 5 6 7
505333b0-fc12-404e-8602-e327813b0a34,3 4 5 6 7
6d39fef5-3673-40b8-8730-7aeadc609778,3 4 5 6
54565fb8-9815-48c3-ac78-00d191622543,0 1 2 3 4
b35573d1-ccdb-478d-89e0-e9fef89e746e,0 1 2 3 4
67e49bd1-b594-486e-892c-628bc1dc531d,0 1 2 3
d18c0de2-4d8b-44cb-a02b-17e562fb05ee,0 1 2 3
06a9fe0d-7e12-4e43-ae2e-0bbe6347ce8f,0 1 2 3
f7ead24a-608f-4554-806d-9681f5048046,0 1 2 3
325a215c-19f9-4958-80af-e37a23ac924f,5 6 7 8 9 10 11 12 13 14 15 16 17 18
cce8a820-d368-4fc2-9acd-30c6cb4fee67,57 58 59 60
78c0cfad-cacd-42a6-b8ca-02754009862d,276 277 278 279 280
83d38b58-c76e-4196-b827-f4a9501df2ff,3 4 5 6
8afe5bfe-6ea0-493c-abe3-914c29ee9643,3 4 5 6
1b76fc2a-25da-474a-ac8f-6545a969f90e,78 79 80 81
85b13e7c-e405-4c0a-bd32-b6a4f9a1b6a6,3 4 5 6
a8d91df6-31b0-43b2-bc89-ed50629c9ae2,3 4 5 6
59317562-a489-46f0-aa47-ac6508c9014c,69 70 71 72 73 74
e63ab670-4f5b-4799-8f6a-e72c51cf227f,105 106 107 108
86f5f99c-ace8-4806-9dae-fb92d7d0ca48,105 106 107 108
f2aad1a0-6883-405b-be47-6ea59206e065,69 70 71 72
375ddf79-4183-46f8-861b-d21d74d7d210,105 106 107 108
43450ab8-1e86-41b4-b6fa-778ee1b880c8,0 1 2 3
178b86a5-6d17-427e-b7e8-f4c495ab60a0,0 1 2 3 4
78a73a72-ae62-4680-a988-2bf8e2a7f70c,209 210 211 212
58c0da90-0dda-4751-8c3f-945cbcfe9eb8,0 1 2 3 4
d24c7059-ddfd-43a7-801f-705fc0c8e26e,5 6 7 8
7a8a76e4-e4ed-4451-8e06-c4ed0f724684,353 354 355 356
cadfeb95-1870-4fc5-86cb-c57cbcc986d4,230 231 232 233 234
b1ccda2d-ed9f-4552-8533-858b64d30f92,230 231 232 233 234 235
ce9ce800-e17f-41ea-81e0-e9520f3a77bf,48 49 50 51
b5eac64f-4d87-433c-b0d5-b2021219be1d,48 49 50 51
4c706d94-1425-4e4f-afe6-af7ee3d2497b,48 49 50 51
c1161249-0056-4a6d-be8b-84ba6cc73cb2,227 228 229 230 231
7853846e-ef7e-47ea-b391-65f93059527b,21 22 23 24 25 26
a3a4706c-bc55-4240-8ece-d1bc010cfdd8,212 213 214 215
377d984c-1778-44d4-bf57-421e01477761,30 31 32 33
f47c66ad-f2e2-4b64-bbe1-31a7e36e8dfb,349 350 351 352
4d462ec3-12aa-4cda-ae65-1c4cfa54ceb2,0 1 2 3
b215dc96-79d4-41fd-a026-fdcd9fc3afe6,89 90 91
b6e2fb55-a865-4eed-9db7-6b189c441a38,0 1 2 3
d418a73f-efe4-4ca5-a5af-35002502a350,0 1 2 3
50297dde-26a8-4cc4-a543-953ae62c70f2,259 260 261 262
c6060b2f-866c-4270-a7db-50e281bfe9a6,259 260 261 262 263
608a9620-6015-466a-92f1-609115fd7c47,259 260 261 262
3abb6482-3322-4c73-b68a-ca22f85cfbcd,0 1 2 3 4 5 6 7
bae09f38-a25b-437c-8830-27e3fc3f605d,0 1 2 3 4 5 6 7
0b5e59cd-ebe8-4cd1-9973-bc5050bb1858,218 219 220 221 222 223
d0a88419-3de5-4983-b4a4-9181e30b41b4,120 121 122 123 124
3be2c6a1-f666-4f9e-a0f4-af63df404dd0,74 75 76 77
f913f772-8352-43db-879c-db2f5ff09397,0 1 2 3
f78d0374-c536-4c90-9019-39605051d98c,40 41 42 43
3fa3227d-cad2-4ca8-8b27-2420c26c2330,0 1 2 3 4 5
6a63f310-dab6-4f9a-b39b-8de6d218f595,52 53 54 55
0cfb40b9-c777-49a2-9bd4-da1871e7625c,40 41 42 43 44 45 46
898bc605-eb63-4f9b-a0db-157f91ebf6d3,24 25 26
e0942aff-495e-4ddc-9702-c83fd78667a6,251 252 253 254
51beb54a-b8e7-4f91-af81-ef32e0560f0f,98 99 100 101 102 103
d00bfe86-aca8-445d-b519-5efc9a102167,33 34 35 36 37 38 39 40
7edea36a-cf65-4c0b-b5e1-35d69713ee71,4 5 6 7 8 9 10 11
598680c0-acc0-435c-b171-67cdbfde869f,0 1 2 3 4
dd69eb2f-0e7e-4c59-9e71-bb7d597b97de,4 5 6 7 8 9 10 11
1c9fdcf0-98e2-41cc-bfa7-e5dc75626d07,134 135 136
8af72cdd-14cb-46c8-98b3-aed722420e27,18 19 20 21
7d5bac85-bc8d-4e74-bbfc-c3ba47391624,18 19 20 21
b93e6fab-5ff9-4877-b82d-a340949b5aa6,287 288 289 290
43947655-8d39-4a1a-9be0-9436f465a117,47 48 49 50 51 52 53
a76d3b3f-16d0-4c64-a922-1678c0044a57,104 105 106 107 108
a0205c29-7a85-4737-af0f-da90527518be,104 105 106 107 108 109 110 111 112 113 114 115 116 117
10f99643-397c-4105-ae27-bb629ea839f3,114 115 116 117 118
116b1bb4-00ee-42ab-9d0e-e1b130854d88,11 12 13 14
745482de-9c08-4c64-a1ce-39ba076894bc,114 115 116 117 118
aaebdd70-b265-411c-80ad-7d5233d06218,316 317 318 319 320 321
7dfac259-36cf-4d78-a68f-c130e76bcc0d,1 2 3 4 5
630dd63f-5bfb-4dc7-908e-93566415318b,326 327 328 329 330 331
8b262036-294e-441b-b441-bdccfead78cf,33 34 35 36 37
79ff0d20-a5ad-4dde-9f1b-baa69954f148,321 322 323 324 325
3ba56f78-0d6a-4009-985b-0f8ad7260a68,6 7 8 9 10 11
f4068e62-2ebd-4e20-a913-6cad83327e2d,6 7 8 9 10 11
a5d79d08-7103-466d-8e68-e8e3f898778b,9 10 11 12 13 14
64b8d6f8-dec6-49ae-802a-2f9d102c728d,302 303 304 305 306
af81dce4-59f9-4e4d-9cc3-b42701707bb3,302 303 304 305 306 307 308
54399dfc-911c-42bd-8f05-2b8bb683f108,28 29 30 31
f4c4bb80-c9ac-4d0a-a567-0aa4c046f1bb,28 29 30 31
921d8b30-85f8-49cc-945c-5590094f4107,0 1 2 3 4
1839ea2c-2bec-498c-be1d-0141df353dc9,45 46 47 48 49 50
0c05d41c-2ac3-432f-b068-8ea32937e669,259 260 261 262 263
41ecd3e0-7e9b-47fd-9984-6fda68a22895,45 46 47 48 49 50
b0df29a0-3d5e-4347-b734-8280626a22de,0 1 2
f43d4374-5561-4026-98ed-f01a384ada7b,0 1 2 3
e71259ac-7c93-40a5-8cc0-28dcafaad986,0 1 2
d6d43981-bfb3-4ae9-aaba-204f42c45231,0 1 2 3
3ff3f367-c26d-4da0-b8cf-4b712ed66fd3,0 1 2
b351d3a3-0a58-4d48-85bd-41d7f1249145,128 129 130 131
379dec47-3197-4fe7-9395-4802a3e92c2e,71 72 73 74 75
750155e5-07f4-4b8e-a90b-b62a238414d5,71 72 73 74 75
6dc927fe-28e6-46e5-a86f-f3e75ecd6e6d,74 75 76 77
892b22d7-3008-46d8-8703-344dc74ec4ac,9 10 11 12
c5e5789c-930d-4df0-8292-12275460da99,9 10 11 12
c38d953d-6b44-4124-b07b-843a5c4df1fa,9 10 11 12
8ca0bfb9-ab9f-434e-a01f-9093008d18fd,6 7 8
80920a03-0a14-4ccb-be59-1d746beba597,0 1 2
669ef3dc-d1b2-4210-94fa-533b7965f520,6 7 8
00b4a84b-a84a-44ba-b2d7-ab61883521cc,17 18 19 20 21 22
04c035b8-8328-4d85-ad11-748637046186,0 1 2 3 4
7974b762-95d9-43d5-ae2f-3d5ffbc19436,17 18 19 20 21 22
11e60514-53b2-4c33-96ec-baa16a224c55,0 1 2 3
2a42b260-8d57-4bc3-94dd-88f2e49d0d49,274 275 276 277
91f2eed2-81f0-4a02-a3d5-b1452c7a6546,0 1 2 3
f625d2d5-2edf-491d-bc6d-fb63daae8d38,103 104 105 106
06d86e42-64e5-4593-9a37-7877b59ef337,15 16 17 18
85b61413-d703-4ce4-91f2-66aeda4f9c44,15 16 17 18
029403b9-b815-46d5-9c06-40eaf03e4752,15 16 17 18
c34c5d12-7bb9-47d9-a8ae-843f52fc3ef3,55 56 57 58 59 60
6005a769-eee9-456e-91ee-a273254205c7,55 56 57 58 59 60
2229c86a-26e6-42a5-8fdb-c45cd656a969,55 56 57 58 59 60
4426c22a-57a4-4fcb-b541-2a7a61df7aa5,5 6 7 8 9 10
9940f518-f2bb-46f5-8833-eef5a1026b6d,12 13 14 15
babed0fe-ef8d-454d-bb77-9ddc69f90c9c,5 6 7 8 9 10 11 12
1c1b5c4b-bce0-4172-b82c-70194980940d,11 12 13 14 15
845ad9a7-ad74-4b09-86f8-1f5a376b7d32,11 12 13 14 15 16
aa5f43e6-2f9d-4bf6-9bf8-3ad500d157a4,11 12 13 14 15
13c66f17-8721-49e5-8191-91b8beed6659,11 12 13 14 15
a3a973e4-c7ef-4fc6-a8d1-bcad520a65c6,200 201 202 203
3e30fd45-9a6c-4afa-a5ef-c18e2094abd9,70 71 72 73 74
83fa19ff-b99f-4fcf-9d40-b84f745918f8,0 1 2 3
662395d1-13a8-4dff-88c2-a7fea2953e10,3 4 5 6 7 8
4924c449-d76b-44e5-9be6-ae31bda23245,7 8 9 10 11 12
e69a71ad-47a0-4e6f-91de-8ac8f8af699b,25 26 27 28 29 30 31 32
3992424a-f8d4-4db8-a95a-ccf98e38d006,354 355 356 357
47261a13-43bd-489e-bc07-2cfe0d6ee5fc,14 15 16 17 18 19 20 21
853d113b-e0ad-4753-b91f-cccbd66f01f6,82 83 84 85 86
a4467d6b-65d7-4912-b14c-11ace26a09d7,5 6 7 8
bbec3c1e-0544-4df1-bb69-037f2957b885,14 15 16 17 18 19 20 21
c0f8b8cc-e76b-427c-86bc-4ffc28913a9b,8 9 10 11
a1421d00-8d95-4335-ae50-c499610ab8d7,321 322 323 324
5a0d80f5-41dd-43d7-bdc0-d29ded958802,0 1 2 3 4 5 6 7 8 9
5f187589-a099-44f9-9002-9da27a0878b0,355 356 357 358 359
6afd8ce7-7826-4a11-95ac-e636b470485f,5 6 7 8 9 10 11 12
4d192434-ebf5-431a-8682-27bc4506ad16,17 18 19 20
ec8d3569-e70b-471a-8ab0-9e22a4d45cc2,5 6 7 8 9 10 11 12
20912277-47ab-4061-9a3d-a4805b2d6b9c,33 34 35 36 37 38
612d438d-42ff-4c1b-a7d6-fc307a2c0401,17 18 19 20
9176d3b6-3d56-48cb-a5d3-ca8258fdb349,0 1 2 3
1f1a0cc0-f4c3-43f4-bbfa-ab4f380fb3b6,5 6 7 8
6f8d51c7-541d-48ea-ba7f-e15f665c9e2e,0 1 2 3
e33008b5-1282-4e82-8c9f-99b7383c761f,115 116 117 118 119 120 121 122
666c58c7-7c33-4038-a704-96f4a78759ab,200 201 202 203 204 205 206 207
f76ba304-0ddb-4dd7-87ba-980477bf4543,0 1 2 3
20618e6e-9cc8-4b73-bdc8-3b4fc641c969,5 6 7 8 9 10 11 12 13 14 15 16 17 18
5ab9afc0-22b7-47b1-a436-3d2e98decaf1,5 6 7 8 9 10 11 12 13 14 15 16 17 18
d6f267d0-3d1d-46ef-b851-f4fb02df2a8c,12 13 14 15 16 17 18 19 20 21 22 23 24 25
0edcc989-f7b1-49bb-91c8-b542711a7799,44 45 46 47 48 49 50 51 52
cd887fc7-9dd4-427f-8bbf-f518957e1fb2,39 40 41 42 43 44
e0182361-2cfd-4bb0-94e7-c0994c7d808e,13 14 15 16 17
d2ccb58f-e814-4f1b-8069-af6f6068f25c,13 14 15 16 17 18 19
7639186a-ec7b-4e78-8f6b-a5003e8d6350,26 27 28 29
03cbb998-70db-498a-ba81-53111daebb82,21 22
3fce1bbb-dbae-4095-80f2-a580a1feeaef,26 27 28 29
e5176c4b-e332-4b37-863f-53c96722a6b1,128 129 130 131
c76169be-6776-4ef4-85b9-9ce73ba19dc4,15 16 17 18 19 20
1c1b7af0-0bda-4c35-9538-c4f0a96e9d58,91 92 93 94
5b024f59-7c8e-4629-9e83-5d798f066a55,0 1 2 3 4 5
27ff038e-507e-4f46-a8eb-450dec8289d8,0 1 2 3 4 5
42681f37-58d6-4e7b-966e-dcc1de2aee30,36 37 38 39
3d97339d-806e-4cdf-ae57-ab172e570034,16 17 18 19 20 21
c4d046fd-3f6e-4e71-9767-02c53e57e124,16 17 18 19 20 21
b78fc3a2-9ed3-4782-a5ff-73e1d8e20789,0 1 2 3 4 5 6 7
b195f3bc-2e9a-4b4d-a72b-e30df576090b,18 19 20 21 22 23 24 25
3da58916-f331-4014-adf9-5d855294f667,231 232 233 234 235 236
8643e946-0433-4968-a212-2f775d867986,2 3 4 5 6 7
035036e1-211f-479a-bfd7-1e4016ced3d6,108 109 110 111 112 113
cb44102f-a686-4925-8e47-c636aaf6fffe,232 233 234 235
57f531de-c9f8-4971-8be2-c97de5eec952,11 12 13 14
29e9bef6-719f-4af7-92df-ecc94c5b2275,6 7 8 9 10 11 12 13
573f9347-5281-4bf0-b15d-7460df2a4aa3,6 7 8 9 10 11 12 13
58e2a0f3-ef37-4bbf-82f5-dd7125fe3293,446 447 448 449
29e7a81c-a87c-42e3-90ae-95d69d8b35d7,6 7 8 9 10 11 12 13
c15e288c-9844-4154-813a-a9253220d4ab,5 6 7 8 9 10 11 12
52066e89-f805-4187-9784-3c901d29f31f,0 1
f4d9a850-0b69-4c8c-853e-a0a8d7c70eb2,5 6 7 8 9 10 11 12
cca6bb4b-534c-4e6b-9b7e-c65b494310e7,12 13 14 15
c6a665a9-f3b8-4346-8ff5-618c14dd1d25,87 88 89 90 91 92
33af18a1-37b2-48b9-9975-25dac03030ee,320 321 322 323
f13be3c7-acd2-46df-9f9e-e694d13d2e3d,0 1 2 3 4
76f92269-3a58-424a-b8ad-22a29ff54f83,55 56 57 58
9c9be595-b76e-42b8-8d9c-26d9017be65a,0 1 2 3 4 5
a6543333-8d63-4f2c-a656-47e05a69c930,0 1 2 3 4 5
98e46451-a5d1-4803-9961-977436f7b114,230 231 232 233 234 235 236 237
3e02ccbd-7a17-4ee8-a3ed-4c4e0827b5af,0 1 2 3 4 5
940c3912-f5be-448c-a980-8465dd79cd3a,0 1 2 3 4
f4137946-bd6a-412b-9d67-5fb5f19f52e0,8 9 10 11 12 13
bb23c60e-609f-4c62-b8d8-f8383ad3e62a,13 14 15 16 17 18 19 20 21 22
ad9aff04-54e8-417f-bf75-fd297095c420,40 41 42 43 44 45
d8960256-6c95-4ef8-89e8-26187d952cdb,40 41 42 43 44
e4c7f95d-25e2-410f-b74e-077e1e3ce727,2 3 4 5 6 7 8 9 10 11
a30395ee-11bd-462e-b249-803fa119fb13,133 134 135
7c45787a-291d-4f01-a140-c186e94eaaf7,2 3 4 5 6 7 8 9 10
c8faea68-91ff-4109-acb6-136a8d795dd0,31 32 33 34 35 36
d2462b97-db8e-4be3-ab47-eeec67bc6d32,8 9 10 11 12 13 14 15 16
a46d582b-080f-4b1d-a4cf-3d0004b7b910,8 9 10 11 12 13 14 15 16 17
73fd70c5-f9ce-4d94-96a9-432849bea07c,8 9 10 11 12 13 14 15 16 17
41ece019-6ffb-4ba1-9f87-fc94a822c3e9,8 9 10 11 12 13 14 15 16
d7db7345-2800-4bbd-9f85-08f5c65a7413,33 34 35 36 37 38
218d5dd4-96df-4d56-ab76-9c94e37fa13b,33 34 35 36 37 38
84864adc-f2be-4339-8d5b-e5e433b67932,33 34 35 36 37 38
b1365088-ea3e-4081-80d1-d05e93e67d73,3 4 5 6
1e7d6f31-eb67-41c6-b3a0-7fca89187a2e,83 84 85 86 87
e3cef077-23ea-4964-a9e5-7af755e8c5ea,0 1 2 3 4
d65feabf-9bac-4530-ad11-81041a8d88a8,0 1 2 3 4 5
83fb04a5-70bf-44d3-b865-30111d94450d,4 5 6 7 8
1062a698-8a15-4b4c-a55a-fde18aaa855a,89 90 91 92 93
bc00a518-8ea7-4568-931a-38cd74f0d9b0,0 1 2 3 4
dcd759a2-3743-4a51-be7b-c6d1f6250071,0 1 2 3 4 5
e6576ce7-7c21-43ca-9327-08a0bf3fa51e,0 1 2 3 4
f7628d1b-edd4-4e39-9fb7-a6bab4a824a9,0 1 2 3
cdc3576d-69ec-4789-91a6-7f4a05299b05,0 1 2 3
ddb24602-b147-4702-b805-420742c16440,12 13 14 15
6fd7d735-2f30-43b7-bbb4-33d79219e9da,28 29 30 31
86199039-d1fa-4298-9393-47af7909ec31,12 13 14 15
208d60e1-47f6-4fe3-a084-adeb73fefdcc,167 168 169 170 171
67841836-e2bc-4a94-b109-22834a459f74,37 38 39 40
3c698928-1d1d-478f-a4bf-a36466b37429,270 271 272 273
cce9c2e1-fd4e-423c-9422-93d725332e5f,167 168 169 170 171
43e412a6-60ad-4918-b34b-ded7d632a925,270 271 272 273
9a1693b5-cd25-4519-8087-75c807d3051c,272 273 274 275 276
0870cadd-fd19-4b22-97dd-d52d733529eb,252 253 254 255
ac7babc0-454e-4f85-ae23-7129453dc8ca,272 273 274 275 276
9c0bea5f-7cdd-40e6-b5b7-472d24d16cb3,0 1 2 3
cf39e905-aa69-4804-9a17-cbcf4988d68d,0 1 2 3
44d994d5-b2fd-47b6-a9a9-831025cc7fbe,0 1 2 3
229848c6-d94c-41c9-b0f2-0a1e58b05ad7,0 1 2 3
ac6be2aa-ea7e-4f97-9a5e-55a0266e90b6,0 1 2 3 4
70c46b56-4a4f-43e1-990c-f39c5f6dc5fe,0 1 2 3 4
78bacfa7-906d-483b-8eb9-145fbba829cb,-1 0 1 2
3baafc4a-80a3-4859-87f6-4f48ee0aff12,2 3 4 5
dcb93776-c6cb-4385-957f-9d28e1c344a4,139 140 141 142 143
4b66635c-e22c-443e-8a1c-10276ae89975,120 121 122 123
608f6887-d2bf-437a-89bd-bbed184296ca,28 29 30 31 32 33
9446fe2e-ada7-46a0-9602-acb530bea5fa,28 29 30 31 32 33
0ec7f6d0-0757-4e6c-b397-6e6b65ef68a0,256 257 258 259 260 261
5122e703-4213-4bde-a65a-31d924404a25,28 29 30 31 32 33
fb4dc7f3-dcfe-4c74-a230-8efc90b1869a,208 209 210 211
ca4d4fe5-5ea7-461f-8f28-1daac36bcd74,208 209 210 211
cb1b38ad-2f98-46b3-83df-f26a446fd65e,14 15 16 17
72e3106d-8c57-47cf-b024-bc9b1ec73102,49 50 51 52
32373755-e19e-4a80-9dde-ca23b8d4e41c,49 50 51 52
5046f91a-0dd4-4893-91ce-8f6dde9458da,49 50 51 52
208f33c4-d658-4538-af61-c9535d39ad0a,49 50 51 52
283c3971-0088-4758-bbb0-04b6c144968b,0 1 2 3 4 5 6 7
0a0f33b9-9e3a-4a9e-870a-b844f3bf370d,0 1 2 3 4 5 6 7
ca69e4f8-4247-4085-8cd4-cacac0a9f382,0 1 2 3 4 5 6 7
7a207235-9cbe-48cc-81e7-60a30edb93df,32 33 34 35
95ef372a-2f23-4406-af9d-be830cf717a2,32 33 34 35
5b389aa7-aa40-46ed-a730-7793c998b70b,32 33 34 35
4bf469c6-0040-4586-92a0-07ab3be8671b,32 33 34 35
ebe89cac-5f2f-4d29-8e6e-98b7f2b3b217,260 261 262 263
c120ef58-2531-4848-9322-c86307fbf5e5,14 15 16 17
ab65bc02-c5a2-416e-b8b4-ef4337bd5943,0 1 2 3
8561b6a1-d952-4cf7-b2d1-c598ad3e80b4,0 1 2 3
59eff18c-844d-478a-b8fb-cfe31a467124,39 40 41
1c5e99d4-83a6-4363-811c-e5973c3ac7fd,296 297 298 299
23a243d3-7aa6-45c8-9fa2-47226224a186,194 195 196 197 198
bdd94e4b-3469-4b20-beca-22552a3a615e,0 1 2 3
51b566bd-7788-4dac-97f5-b036e5f70051,0 1 2 3
ef5771cb-6334-4d1e-8541-b52fd63f9ae3,0 1 2 3
a02b1f23-d591-4dec-aa27-93a3f1b51007,0 1 2 3
2e69971e-8333-4dff-b30f-927ad23c3877,0 1 2 3 4 5
952cca16-8e6f-4e74-951a-32e5e0f80433,67 68 69 70 71
4f2c0f94-2584-4f8a-9bbe-7b957b596334,10 11 12 13 14 15
1e644592-e3d5-48d4-a8d3-0363f9e87a20,153 154 155 156 157
4fdb9892-903e-433f-b511-6b68fd602587,0 1 2 3 4
2acba3ca-487d-45f4-8aba-fb7ae153468f,27 28 29 30 31
e1e8e1b3-3f45-4917-9ac6-d1e8ca574306,153 154 155 156 157
eee01688-7450-4d67-9509-decbf9fd42b4,0 1 2 3 4
37de4e50-267a-413b-a630-5b216678ac68,0 1 2 3 4
776b6955-2dde-4a62-83be-e611d6fd6de8,0 1 2 3 4
d500cf88-6065-4fa0-b9e7-af87c31926bb,0 1 2 3 4 5
af349eed-c34e-424b-91f1-99796d9cc20f,0 1 2 3 4
d592330b-a6b5-403c-8c78-961d78fd0e71,33 34 35 36
4073da12-e074-4e57-8668-cb255098005e,6 7 8 9
aba640e1-b22b-49ce-aba0-8bea08a0effd,0 1 2 3 4
3e892fac-1dac-4824-8a09-82dc3b22fbc7,7 8 9 10
50291fdc-211f-47ae-9800-358cbe437f36,17 18 19 20 21 22
b51c2cc0-5366-4835-a05c-b67be723a913,17 18 19 20 21
8775e9f4-8668-40e0-b9d2-33c962d5c3c7,26 27 28 29 30
7515e0e7-e797-4945-8814-dd0feb08fc6c,156 157 158 159
cf66a580-55db-448b-bf60-d24971947ec3,200 201 202 203 204 205 206 207 208 209 210 211 212 213
61ac956b-69de-46a9-9df2-fd30524a7036,1 2 3 4
4eff4140-f8f7-46f6-901b-8d4442bf6cae,1 2 3 4
dfb37a3f-fbbd-4ea6-b8f8-d5b345cff063,6 7 8 9 10 11 12
fff51edf-b624-4f77-a681-06830e703efb,0 1 2 3 4
72519fb2-a06c-4a0b-ac0b-9f8abbeeb43c,0 1 2 3 4
c46f6d69-65ef-4abd-9042-b6393db402a8,10 11 12 13 14 15
6c1d6f88-3db2-44e7-a44b-a3f197e6eb93,128 129 130 131
60fd81c5-7afe-45f6-ad58-d04694421607,18 19 20 21 22 23 24 25
5290ffa6-b80f-45ed-911c-80a523987bbe,85 86 87 88 89
5cc85960-f4d7-4805-bd02-b810ca00c688,70 71
59166d3c-cfa5-40c2-ac8c-ec7a175160e6,18 19 20 21 22 23 24 25
8e991b49-cf01-4cd9-b49a-66725d1e0a59,18 19 20 21 22 23 24 25
89179164-175c-4250-b751-bef1a7282989,27 28 29 30
d0e0f98d-f055-481c-8b0d-42f2e385c913,32 33 34 35
666edf23-45fa-4bc5-9fbc-913c88044aae,27 28 29 30
a64013c5-7822-456c-af2f-4ac8774ccb17,0 1 2 3 4 5 6 7
9e49a0a7-c302-4c0b-a8a0-dfed5a5d4819,321 322 323 324
7dd30347-e7b7-47ba-ac3c-23deb983fae1,28 29 30 31 32 33
7c907952-8a6b-458a-a767-d02c7da1e3e5,21 22 23 24 25 26 27 28 29 30 31 32 33 34
a0a45270-6643-427d-a5a4-c0666b933102,122 123 124 125
c998114e-dfef-4b78-b607-7e19cd549934,7 8 9 10
ee433441-ed80-4bbd-be7c-ba76ee82b3a0,7 8 9 10
0d26453c-a988-4bb0-bcb8-6beac60eb673,7 8 9 10
834a68e9-44d6-497d-9e39-ca110707d976,7 8 9 10
c89cb316-f5c1-46ce-89db-f8b0424defc0,7 8 9 10
ff470a76-8af0-46d2-b9ec-87f1bc0c9165,65 66 67 68 69 70 71 72
651bc054-f9bf-49ae-854d-74c37a727e3b,65 66 67 68 69 70 71 72
7a82a011-2a5c-47b3-b8b8-20be5bfdf397,65 66 67 68 69 70 71 72
e54ee577-d542-41fd-aec8-19c85f8022a7,65 66 67 68 69 70
bd076bd1-ec99-4848-8e64-39f376b86c2d,11 12
d4a080cc-25d7-4aeb-8192-89e2404d9360,11 12
85e1985d-31af-493d-991e-bd0ae1be7284,11 12 13 14
c7d8618d-ab1e-49e3-835a-10c9c7271057,11 12 13 14
03f98d15-645b-4e20-a82c-27f58c268b10,35 36 37 38
90a1b21f-f23b-4d82-a5a5-742820746b5f,35 36 37 38
19274982-72a3-4b01-805d-c39a4914a888,35 36 37 38
a9ccbb4a-1d69-4f90-8ef6-20b5adcb2dc4,9 10 11 12 13
15c47aad-b12f-4662-af13-b50e60944e38,9 10 11 12 13
06e53edd-179e-4ea0-9d10-fe12982ed1d2,293 294 295 296 297
3de81ee0-9904-4e7c-980a-8d92c591bfb3,70 71 72 73 74 75
852c98a8-17b8-4351-b594-b817ed597626,70 71 72 73
a97180b0-992c-463f-8a4b-9616c8a731db,70 71 72 73
32308ffb-2a93-4ff8-b057-bd7ed19a8abb,0 1 2 3
6f7bef9e-5584-45de-8a38-1a362066fb55,25 26 27 28 29
892922f8-f947-48e4-a309-df145ce5d420,25 26 27 28 29
eb545041-7b5c-45b7-b7c2-88023cb6e156,-1 0 1 2 3
856dee0d-fc1e-42c5-8e73-1845acf656c2,25 26 27 28 29
3ddf61e2-9461-4236-8f34-517eb8900e5c,84 85 86 87 88 89
2b4473fa-6c37-4c63-9c74-0f3c270bfb6e,0 1 2 3 4
8addaf55-c122-49de-bc7b-502b6bb23de0,0 1 2 3 4
c6d69928-0280-42d3-a1ce-4b539091e04f,84 85 86 87 88 89
c62c8f1d-ab93-463c-8cc7-2b7eb6a2b805,0 1 2 3 4
a7bd234e-d28c-49a4-8e04-f4baffdeea8c,0 1 2 3
0a71a911-314e-4f31-9d75-2d99bde3d9e6,60 61 62 63
f1e0c281-b77a-407a-b723-eaa79958894b,6 7 8 9
cf5b4eda-079a-49d9-96b6-5775741b3081,0 1 2 3
c12ce1b0-13fd-47bd-9c1a-632713d772c1,0 1 2
58d50fed-b0a5-4bed-93af-a12283c2072a,0 1 2 3 4
8a59b332-2794-4637-aca8-41c0615c9c65,7 8 9 10 11 12
d8b661e5-e081-406c-a5bd-a7bb33d78435,174 175 176 177 178
c1aa2090-30e5-46f3-8647-197c39fa5761,0 1 2 3 4 5 6
88bb8ad9-64fb-411b-958a-833b14200eef,0 1 2
eae18765-2a98-4cf6-b47b-d069bc4175e0,220 221 222 223 224
772cc399-4714-42d8-b7b4-a845bf7513f3,220 221 222 223 224
95cfa22f-a728-4e8b-84b2-820ba28106b5,0 1 2 3 4
bff2970b-2081-4797-804a-2960ce900649,0 1 2 3 4 5 6
c2f6cc13-1245-49d3-9c17-c4031af5b527,0 1 2 3 4 5 6
2b8fd2a2-153a-44fd-a1e8-1ed85fd28405,25 26 27 28
0737e795-8497-4d79-a432-315008b34b44,0 1
1498ebb2-b3fa-4d2a-8927-47ffda4b7594,348 349
4d507919-fbe2-44c8-8a5a-bc279a7d76e8,0 1
2104a9ba-51a8-4e68-bf9e-94c5460ad497,0 1
7fa1ddb2-9f54-4ad4-8df2-9604206ed78b,0 1 2 3
2135883a-1960-4353-ba99-38b007e71ead,0 1 2 3
f7c2160d-cda6-4af5-b281-a3b074e22540,10 11 12 13
091fbf09-84fd-4e24-9f00-f90fabefd64b,0 1 2 3
5deb284d-3495-4ac7-9153-fa601fa67c8c,98 99 100 101
5dd41fbe-39a5-4239-a16c-e75c9fa37269,1 2 3 4 5 6 7 8
00620e63-4e71-4ff8-bfe7-0ae2581a31a4,1 2 3 4 5 6 7 8
b26ef0bd-bfa1-4b1c-a08e-509ce1ccddce,115 116 117 118 119 120
7c7f83f2-6b34-42a0-b11d-2b08b516ad73,115 116 117 118 119 120
5126f932-a222-46f3-852f-129189c906f9,49 50 51 52 53 54
3635dc30-1b46-4773-be13-f79a9692893a,16 17 18 19 20 21 22 23
5c554e87-c271-4f90-a4c2-fc177aebf31e,16 17 18 19 20 21 22 23
4452f2e1-41ae-4956-9b0d-e4241b3e1e64,5 6
a4d43316-4ea8-4be4-b9e7-bd29c35920d0,0 1 2 3 4 5 6 7
2d9e1b86-a679-48f5-a168-18e3205c8604,311 312 313 314
2742be9e-4508-49b8-8b11-c20f51edf7cf,0 1 2 3 4 5 6 7
6becad2d-8083-4edf-b667-e4611fdef396,0 1 2 3 4 5 6 7
61b28768-5118-4532-8a75-cdaa5b4ded7b,0 1 2 3 4 5 6 7
a8c51d9b-7513-4458-b310-a5c43f5505cb,34 35 36 37 38 39 40 41 42 43
3b0d98fb-db2a-49fa-bdc9-8042c86d6aa1,98 99 100
17f758a9-e75e-4e03-857a-3bc75f372870,327 328 329 330 331
452adde4-f2d0-4155-a625-1128296c32d0,0 1 2 3
06861ca3-58bb-49bd-a901-1cd175fc9a03,0 1 2 3
e1846782-6cda-4e41-886d-d0a81b0f48dc,0 1 2 3
f481f9e8-4ac7-47ef-ae66-59998728bdb6,64 65 66 67
03dc8074-b1c1-4228-9475-5fe883974b15,115 116 117 118 119 120 121 122
d3c2d7e6-6350-4c96-91c5-d989b9959545,28 29 30 31 32 33 34 35
9371d140-f6f5-4932-bafd-58083c4d6700,115 116 117 118 119 120 121 122
1d52eb50-6939-49ff-a52e-d45fc34e2cc2,9 10 11 12 13 14 15 16
7e7b0949-68c0-4d17-ad15-82fa941249c3,25 26 27
784d9a32-10b5-4869-9d53-c4a1783c0e72,9 10 11 12 13 14 15 16
fd2cd732-a9ae-45a3-a719-c87ea6811d05,9 10 11 12 13 14 15 16
6499f855-9bdf-49e9-a023-3bd07d60ca38,0 1 2 3 4 5
d6594de6-3cd6-44ff-8242-466f63b58b36,0 1 2 3 4 5
5ce07a49-cea6-43da-87ec-67f90ddfcf15,0 1 2 3 4 5
6a74a34d-970c-45c2-90f3-66657327086c,0 1 2 3
c94deedd-f810-4aa3-9f0f-5bd264691d4f,0 1 2 3
edea99f5-8ce5-41a0-9cf9-a786d563f1f8,0 1 2 3 4 5
ca4cb36e-38f1-4f45-a784-673b02b29b64,0 1 2 3
985849e2-56c5-43eb-96b2-a71d41759cc1,0 1 2 3
b0fab266-764d-40b7-aa29-4a2963a9eafa,133 134 135 136 137
8b9b4800-de0e-4541-b2ef-3bd6b712e40b,28 29 30 31
6b273adb-ab5e-4533-ac52-e5ba54eb322f,46 47 48 49 50
3084e598-b84c-4930-a13e-7bf044ddddd4,-1 0 1
86379966-7dc5-49d6-a221-032670f91358,46 47 48 49 50
7eb13ec3-ff2a-4c8b-a3d2-155bd14235ad,11 12 13 14
c2486970-a306-4b50-b06a-6e777472b549,0 1 2 3
4c0c65ee-a20e-4732-8ba9-081834e29a32,21 22 23 24
e704acef-a763-4652-8a05-6c49efbe3294,0 1 2 3
b922b828-9ad3-46db-89c9-0a18605cae65,259 260 261
0f798fcb-11cc-44ba-a136-410780f04ec9,71 72 73 74 75 76 77 78
cb7980f5-2926-41b2-aead-9bd9a8f4a02c,-1 0 1
916cacbf-02ab-4bde-a07e-c9977378fdb5,23 24 25 26
b175e492-92e7-488a-8f3c-d59723fe0c31,0 1 2 3
0214d764-1f6b-47d1-afe9-9e52ca71b3a6,9 10 11 12
8bcb912d-c4b8-47fa-b38f-1d001a956631,0 1 2 3
c2b870d9-cdb7-4730-814c-e8cba610bc61,102 103 104
6a4971e4-0cd2-47ee-aa23-877f3cf7213b,66 67 68 69
31762f5d-dcb7-4496-a9a7-a1dcf2507bea,102 103 104 105
875229fb-e343-44f8-8549-984b9083233d,2 3 4 5 6 7
8dfcb31e-f6cb-479b-8ec4-0cc0bae64819,3 4 5 6
ea571547-290f-4a84-b067-a8b8065a267b,-1 0 1 2 3
a85e2b4a-1704-4b81-926e-1f40ea2b7c89,277 278 279 280
22b7165c-96ae-48c6-a597-06e260cb81e2,0 1 2 3
e10754c9-d346-45ba-b4de-106edf85dc48,3 4 5 6
c65e17d9-cabc-4fa7-b13f-502cd09466b3,150 151
372b8144-42d9-40c9-b8ea-269ba64a92f8,3 4 5 6
9ee1adc5-abb5-4696-b0d5-a3c995e7daaa,5 6 7 8 9 10 11
cbc59cda-a5e7-4deb-9e64-80211f36dff7,5 6 7 8 9 10 11
bf73d114-0071-4e7f-acb8-f60412526a0b,5 6 7 8 9 10 11
472585b7-b2b1-4752-bb7d-9ed316b64b14,4 5 6 7
91b14903-97d7-483f-a1f3-0a2c88e5a7a3,4 5 6 7
45bd07c9-a01b-4433-862e-885e3e332589,0 1 2 3
f0d551aa-4f63-4610-9fe6-c5d865353def,58 59 60 61
401ebb8b-34c6-4873-b0a8-d0bd96cc1169,58 59 60 61
1a62d04c-0007-46d1-8eff-59ac54a3d97a,58 59 60 61
e555e632-432b-4f12-a98a-c1d1ecec7ad0,58 59 60 61 62 63
03d6198c-f941-48ad-a569-5113956ee851,24 25 26 27
119de8d7-8f13-40d8-b0c6-557256f252d2,24 25 26 27
e60a037a-4630-4c8b-8d22-b16db309733d,24 25 26 27
a53f4ac5-a6a8-4ff8-9bd6-2e08fdf5cc7c,152 153 154 155 156
35556a8f-2932-49b3-88c6-433791a27dbb,176 177 178 179 180 181
7334800f-2db0-4158-9083-352662435acd,275 276 277 278 279 280
32ac4f01-96c5-46b6-be9d-cadeb11a6ee2,0 1 2 3 4 5 6 7 8 9 10 11 12 13
f6192c03-673f-4ee3-ad8b-f8a4389dd378,14 15 16 17 18 19 20 21 22
7750fa27-c255-46f0-84bf-a5dd272bab1e,0 1 2 3 4 5 6 7 8 9 10 11 12 13
6ad0b06e-34a7-460d-9873-d91b6e5d7c0f,0 1 2 3 4 5 6 7
0ccf9a08-1778-4f38-ad22-627f4c13f6e3,126 127 128 129 130 131
eb91e53e-3360-4c13-88b4-6fb647717993,181 182 183 184 185
0f8eba82-9dce-4743-ae9a-d36b2a9b0f2e,0 1 2 3 4 5 6 7
6ddec401-fe0c-47be-afe3-5b04bdf6e6cd,0 1 2 3 4 5
8868ab03-e684-405b-8f31-20222be8e127,0 1 2 3 4 5
a1f27c3d-a619-4dc0-a18d-bee02416c113,0 1 2 3 4 5
a56f86cd-ac37-43cc-a0df-dd646bea2987,223 224 225 226
4cd62908-301f-4bff-be41-7f90a9979c02,0 1 2 3 4 5
536db5e5-fc5e-4683-814e-0ef49ae1d0d8,296 297 298 299
6dee5de8-d973-4ee2-89eb-ab57ad7b4be7,296 297 298
f4c177fd-4968-46c9-baf8-7ff284636c73,296 297 298
97b7f135-afc0-4575-8bbd-9295a78cea27,0 1 2 3
0829b870-363d-40d6-a095-9de680f3541c,4 5 6 7 8
5b316c73-a335-468b-87a0-3fec46780efc,0 1 2 3 4 5
9484267d-f6d7-4d79-ada0-b6fab2b75d25,0 1 2 3 4 5
1e348f0f-0c30-4db9-b296-c79e069e03d1,0 1 2 3 4 5
2f7ca1ef-e2d0-42a1-bcfc-0a528c0c0895,96 97 98 99 100
6b9f31fb-7714-4ac2-a962-a17adda84ebf,-1 0 1 2 3 4 5
331d6d9f-aacc-41e3-82c4-f038d7fbc3a7,96 97 98 99
15d75be3-cb6f-4686-aa2e-d51aa86c3969,-1 0 1 2 3
fcfe2c74-e922-4835-946b-c97730bf9039,10 11 12 13 14 15
5ce9af4e-13d3-4fb7-ad3f-909b4ecd9ced,10 11 12 13 14 15
87100e05-856e-421c-86b7-a64050792b4b,10 11 12 13 14 15
f3660bd7-63a5-4aa7-81ff-1b5b8edcba95,444 445 446 447 448 449 450 451 452
84bfb4c6-2bda-4f56-8663-83d4057ff61f,8 9 10 11
6f27d8d1-7577-4fba-a4fb-a0242e6ede44,8 9 10 11
c016fbb8-960f-4a01-b9f4-d62eb37e41f5,8 9 10
d505d483-f719-4a93-b150-a50a2e86bf01,8 9 10 11
7a95cd5e-7196-479d-948c-2d4dde590fa2,49 50 51 52 53 54 55 56
7cc7601e-141e-41fe-b758-5921c332defa,49 50 51 52 53 54 55 56
bfc085b4-75f6-47ba-8963-c542abc92124,14 15 16 17 18 19
18fb7cc2-c483-45ec-9cb5-c77e23bcd10e,8 9 10 11 12 13 14 15
6701c0c5-6e3f-46db-ad44-5ad53b49d7b3,15 16 17 18
4d2e6c10-f55b-41c4-be26-666e9d6c2cbe,1 2 3 4 5 6
4c24254c-0ed9-4077-934c-6be0d814e222,8 9 10 11 12 13 14 15
7e5b14e1-9a35-4856-ac5a-e061cc858eca,10 11 12 13 14
fffe9f96-8263-4032-b51c-40f6ace1b986,10 11 12
c3e2c66f-adf6-43ca-ac39-eafb1908d53b,0 1 2 3
b26505c4-2320-4d05-9886-a2fd3eb759b6,1 2 3 4 5 6
151214e9-a206-4f98-b207-92c6d7a64ee2,1 2 3 4 5 6
67d37e15-03fa-4976-8ec5-1c71e48ed62f,302 303 304 305 306
4ac67dce-e43d-4614-b698-574cffd28d68,305 306 307 308
5e061dbe-2ed7-477c-b944-27727864eca1,7 8 9 10 11
0977d12f-372f-49eb-8d6f-e66b2b6a9d5f,39 40 41
3cf36900-26d8-4a3e-aecf-fc4e1a015ce4,39 40 41 42
7a235419-518c-43d4-ac23-8087ecdb3ab9,4 5
a53cbb6b-a664-47c8-ba83-05bbeb3320ba,8 9 10 11 12 13
6476157c-4853-4d5f-8e72-372a50c5a1ed,4 5
d3d091bf-0013-49fa-805b-51c5c425c8c8,4 5
439af15f-b607-4146-8efb-bfb468f80375,297 298 299 300
6471cd82-efb9-4b6d-ab45-9b8fc54a3d48,297 298 299
15962d8f-d909-40ef-8b4d-9d4ff0e40adb,131 132 133 134 135 136 137 138
4e3aed6a-34e3-47e0-b50c-80c41a3e33e9,7 8 9 10 11 12
3a10cb7f-b0bd-4b28-92fa-7eaa149c3348,193 194 195 196
dc710ac8-d6dd-4b4e-9410-7689a453c718,7 8 9 10 11
670ac8be-3c2d-435a-8bb1-53604bb4fdc3,0 1 2 3 4 5
36342385-0bf4-4bc8-b305-fc5ed5f68765,231 232 233 234 235 236 237 238 239
898f5d1d-aab3-43ee-b599-426d97b6f308,4 5 6 7 8 9 10 11 12 13
1a73c8ad-67d3-487b-8741-a5f7c00fef14,0 1 2 3 4 5 6 7
b2ace42d-5b74-4d85-9673-2c060b4c61e7,0 1 2 3 4 5 6 7
5a17eae1-658a-4f15-96dc-84391ff52570,19 20 21 22 23 24
8bf972e4-52ae-49ad-a6ef-cb2d582dbf9d,10 11 12 13 14 15
2266fd6b-4bad-43dc-a8e9-47a555e16430,10 11 12 13 14
b9253d5c-d6c0-4ee0-96ba-052ac66b6705,10 11 12 13 14 15
b256fcc9-24f3-4e2b-85dd-bc2bbfb20ef1,0 1 2 3
658a60a2-87c9-44ab-bd8c-11299b2c8752,11 12 13 14 15 16 17
39617529-0d19-4d9f-b3d9-4253f4962ad3,11 12 13 14 15 16 17
82e3baeb-9eac-483d-ab31-1d78cc7f36d8,278 279 280 281 282 283 284 285 286 287 288 289 290 291
077218d9-5a3f-4666-a23a-c2841f041c72,341 342 343 344 345
8dc07ea9-48f6-46b6-a76e-00d51fd5a432,341 342 343 344 345 346 347
be8f5c0e-10fe-42f5-b601-362c50e00c7e,31 32 33 34
5fc54c22-6fc8-4f42-b463-de8bcd24966c,105 106 107 108 109
71dd02ef-b95d-4626-8176-cd7b6554cf8d,8 9 10 11
0933cc5f-8623-4a64-b097-4fef04db4e17,327 328 329 330 331 332 333 334
88105ba9-4fdb-42b7-85b6-52b542aadc9c,369 370 371 372
22863795-c323-4444-bdca-a403fbcf173b,93 94 95 96
3fa5dabb-760d-44ef-8419-0f7af0d2d564,331 332 333 334
a8267103-8c9f-4764-bf6b-416f7db6f3fe,93 94 95 96
c5a5c205-a352-4046-aea7-cdffa0a5c09d,10 11 12 13
51ccb45a-54d5-4850-a5cd-421efbae5e91,178 179 180 181 182
49659b12-7b3e-4983-a8ee-22df83edcf7b,315 316 317 318
172c7ce8-be31-4656-9a0e-0a177e2bf6af,15 16 17 18 19
8e628c6c-7d58-4d98-bf5c-17ac2cc6ec0b,10 11 12 13
c5e23dbb-4bf2-4d75-acf4-9ccdbc71411a,1 2 3 4
b5b7484e-2365-448a-a5cc-091f66537d4b,1 2 3 4
1f3a39ff-e09e-4ac1-8840-60483de21eef,56 57 58 59
bc54bbf5-6c67-4f44-b19a-e809cec58f83,56 57 58 59
ae29c6c1-4c85-4aee-bd83-765f20ad23a4,114 115 116 117
bec6e47b-25b3-4d11-8fcf-32b4439296c0,215 216 217 218 219 220
65edf37a-358c-41fb-9341-a0b1aa373a93,222 223 224 225
7a841791-438f-4b9b-947c-8b2dcc9efea7,242 243 244 245 246 247 248 249 250 251
75b0e821-2530-4b89-abd9-a9b4632f5162,0 1 2 3 4 5 6 7
55a5cfbd-baf7-4f7b-b452-bda9634506df,371 372 373 374
51c76e3b-8922-4042-861f-4c11a42525fc,0 1 2 3
3d6d2981-f79c-4d70-aecd-27779568e75c,0 1 2 3 4 5 6
0731c0b4-db73-4093-bddc-da542e41a5bc,308 309 310 311
89066c04-fd84-4ceb-96c8-3b033cfbac86,308 309 310 311
ff27bbdc-9056-46e9-9ca6-e8f8f03f12ca,33 34 35 36 37 38 39 40 41 42
b706640d-48cf-46cd-bfbc-d7f1364013fb,19 20 21 22
3c256b3e-663c-4778-afc0-f64594de716a,33 34 35 36 37 38 39 40 41 42
6a3c36b1-16c4-4af6-a112-ecc7547d5c9a,33 34 35 36 37 38 39 40 41 42
0b5184b5-859e-48a9-9728-6e9a0f68b7bf,216 217 218 219
a8d8a29f-eded-4be2-b8b4-f17c2281b020,13 14 15 16 17 18
1b8d4316-62a6-49ca-8a70-e3f2b858a705,13 14 15 16 17 18
a8bb30e3-a310-40e5-b6c1-061cd097dc46,32 33 34 35 36 37 38 39 40 41 42 43 44 45
725de773-b673-4635-8821-f8ee5a5bcd63,48 49 50 51 52
463f4bbc-7ec6-4d86-8bc3-318d5e7c0bbd,453 454 455 456 457 458 459 460
31e17def-c8ba-47d7-a8df-4b62986a0917,153 154 155 156
a29632f4-a6da-4941-a4e1-b52d994032e1,0 1 2 3 4
e190c8fb-5047-4c66-b635-226a121d5dd7,12 13 14 15 16 17
e8a6f4f5-e2fb-48fe-af5e-1e3d8968fb38,0 1 2 3 4
6a7cf87f-ac6d-4a77-b30f-ffdce03c7aae,148 149 150
e702fe33-af1a-48b4-8553-7ab711fc1264,0 1 2 3 4
2baebff0-4130-4de7-979b-66df19a15f75,5 6 7 8
bf0ecd70-9f5c-41d1-865b-d2ffd71ef8d9,72 73 74 75 76
e4550851-e13f-4e9d-b9c8-d4a9e21bddf1,62 63 64 65 66 67
2fdb7d61-767f-4587-b86d-7d37ab92054d,13 14 15
45664055-4d52-48b7-aa34-2b3cd458f44b,13 14 15
430ad63a-fa55-4e1d-8fc0-772cf640b6e4,13 14 15
c66ee85a-0af2-42c6-bbaf-57de80c515bc,0 1 2 3 4
e40ae8b5-d97d-4d70-9785-e7d12fc272d8,0 1 2 3 4
bc85b930-577e-4ece-b67c-6eff60787e2d,0 1 2 3 4
db68aab3-c3b2-4e9a-b88a-6bfce2ead495,67 68 69 70
5d8ab030-1eb5-4d53-974d-8948a96ed701,3 4 5 6
f978e935-42d8-4de3-ba7e-aee2b6a6e1fb,25 26 27 28 29 30 31 32
e49936f8-3bdf-464a-8e27-2a02489d7a32,1 2 3 4
049adfed-39cb-42a1-97ec-2cfa6c0aad0f,1 2 3 4
c072a99d-04ed-4908-b97d-ea7e8d34d492,1 2 3 4
6c00cfa5-21d8-44fa-a90f-87b7d870767f,0 1 2 3
f49af11a-b9b3-4f3f-ae79-ef19d6f47b3e,0 1 2 3
1736ce84-eea2-4ce5-be9e-72f76db174f8,0 1 2 3
b71cefb3-e285-4a2d-bf5f-a0c3479c1842,52 53 54 55
c103008e-0e48-4d8e-9c8e-83da52d80305,6 7 8 9 10 11 12 13
fc0b2039-23fe-457b-a658-9fe082f95f29,6 7 8 9 10 11
2a1f5d28-12ac-4091-aa58-27a1318f7d87,7 8 9
51977e54-5ebe-4eb8-98dc-880f3e1b4dfd,7 8 9
7ae2093b-c6e5-4117-a445-96ce8785b449,7 8 9
b88a116a-2fbf-4398-bf44-f0fca4bc2413,7 8 9
4f1716f4-c5a9-488b-94ff-ad4f043b472d,7 8 9
24b31ed7-7cac-44e7-b06c-d354f9aa6f8b,0 1 2
e24e7a11-9a47-47da-93d7-b12775cabfa6,0 1 2 3 4
4f332c9e-3f29-40c5-ac86-8129b91e0033,389 390 391 392 393
f1f98946-cc2d-40d9-b40c-669ffcce44d8,0 1
7b394fef-8a41-40b2-9ea4-5efa92367eea,58 59 60 61
e6bc9138-ce43-4018-b3d3-597a1d75d87a,0 1
bc4e7c86-3417-475f-b045-176c91dba7c5,18 19 20 21
a7fd767a-33f0-458b-afc0-03ac9fda3a54,18 19 20 21
317f27f4-8c12-447e-a7d5-78b99b9dee07,7 8 9 10 11 12
f3d73cf0-a5da-4ced-ba23-aaaa11c92f46,19 20 21 22 23
022384d5-edf5-4f38-93cc-dfc2450c1d48,332 333 334 335 336 337
df3abf3c-0ed4-487b-982a-9f97ab9d7e0b,41 42 43 44 45
c66dcdf1-21ad-421c-9018-c7fb5568f7dd,380 381 382 383 384 385
2b3e1bdc-f877-44b5-a77d-392279dd0c4e,67 68 69 70 71
2791e247-d464-4190-b56b-38fab3ded9e9,0 1 2 3 4
2d56c6a1-68d8-484a-898e-b18e494c3318,336 337 338
062cd645-675f-4895-baff-58758fcd6a24,285 286 287 288 289 290 291
26ae39fd-ba9e-4f9f-bbdf-aaf98868a40e,25 26 27 28 29 30 31 32 33 34 35 36 37 38
28d837e7-7a4c-4b82-93bf-f293d6519559,33 34 35 36 37 38
b6ec56ff-17d8-43ca-b093-c9130e2d49f9,0 1 2 3 4
8cea589b-8e85-4819-89b7-78400204b92a,13 14 15
934b483b-541b-474f-b1fa-6bee85942d41,85 86 87 88 89 90
860ceddc-520b-4f34-9ea8-9a7de0c6033a,242 243 244 245 246 247 248
8e041f59-5c8a-4a96-ad06-d59633a5fae3,17 18 19 20 21 22 23 24 25 26
df55f4d4-f838-474b-a9e2-4c55a3961bf0,242 243 244 245 246 247
d9bab795-b86c-4cac-97ed-64519e57b705,5 6 7 8
404018a5-56ac-4deb-ba20-a3f3b817856a,9 10 11 12 13 14
99c74f0b-a5c1-4955-bd0d-81c8a9ce6d49,29 30 31
ae05dd84-d73e-4ba5-b971-32e12325af19,9 10 11 12 13 14
a543fb74-ab3b-49af-9262-3819ee3934ae,11 12 13 14 15 16
690640c4-7853-4090-aac5-3b7b94e0c12d,11 12 13 14 15 16
09ae3f6d-b5e8-4141-9e54-05c15d32d098,372 373 374 375 376 377
28dcc473-af23-4b0a-ab30-634c472b305f,62 63 64 65
f415daad-4777-4237-9754-a87eb0835889,62 63 64 65
bdd022d4-3101-4c23-a5c7-52697e022b13,382 383 384 385
464d380a-41b5-4253-951f-1d51ede9b1d5,334 335 336 337 338 339
2a4c2e1b-0bf7-4a95-add8-735f9b7e2546,7 8 9 10 11
ef3da394-7a6a-49b0-983c-29858995fafd,67 68 69 70 71
0dde22cf-a265-46a5-9e9d-09b6459a19da,11 12 13 14
d795a202-7cc0-4d14-86e6-ae4043110da7,11 12 13 14
efeb707e-e33e-44dd-8efe-e4b07344e941,53 54 55 56 57
8a12f6bf-57d7-4582-90d9-fc90b443f28a,153 154 155 156
1a8c92bd-48de-4f77-883d-f6fd13169972,19 20 21 22
847c358a-011a-4cfd-879b-5065d4247b49,69 70 71 72 73
ca1828f7-2363-4c18-86db-57ab5df3e682,225 226 227
d5ad3d87-48ca-482d-9dc1-1c8276f7b6d8,19 20 21 22
1552c60e-678f-4d47-bb05-5e56501312fb,19 20 21 22
8ab986eb-16a1-4299-bc16-17ba7d770555,42 43 44 45
09d392b6-03c1-4849-837c-dc594c15f8c8,7 8 9 10
1b09f77d-7df1-4b22-abee-6b1f260f12a3,7 8 9 10
b3f7ba46-0ba2-41f9-8b2f-8ba168e96632,42 43 44 45
481ea768-35cb-49f9-bd62-864eccd18d38,75 76 77 78 79
b6812e4a-b27e-4ffb-a334-93575a7a7755,34 35 36 37 38 39
95556da5-bb97-4afe-999f-103af613480e,0 1 2 3 4 5
153ae9f3-a162-4bbc-a4fc-1c89df57987a,0 1 2 3 4 5
8a941b1b-7358-4022-bb5b-e4a04dd0ca50,215 216 217 218
ea59857a-b085-494e-9ebb-b2a59cd95e32,0 1 2 3 4 5
f8af539f-dac2-43c9-bc2a-12fe89facebf,0 1 2 3 4 5
5ed798ec-4046-482d-86c9-7bd980a4838d,28 29 30 31
5eda495f-7578-4fdd-9203-ee4d0cd5a575,19 20 21 22
be825427-c22f-4885-850d-a592c38d9a0d,28 29 30 31
f6677735-3569-49d4-bbd1-379adae0435d,83 84 85 86
81cde2c1-279a-4f09-8f53-1195eb0da9d4,5 6 7 8 9 10
1d4a72d6-f7d1-4931-8508-04c98993ec29,5 6 7 8 9
cadb2612-f9e2-4fdd-9503-1c5aa207416c,0 1
6d2c5722-32a1-4805-8883-1be3a3fd9b7d,0 1
faebad1d-13aa-4171-9aac-43a2270f851a,0 1
7fca92fd-0469-44f5-b34e-1f23a17eab31,0 1
b5017912-3c1c-4d84-a411-4cb37f67b101,0 1 2
d28a621b-4054-4a04-9c05-44c07c3a9d40,40 41 42 43 44 45
94a2b672-88cf-4de7-9eaf-de13bf9c73fb,18 19 20 21
8f22bacc-f34f-4fed-9c71-08f249f6875c,47 48 49 50 51
41bf1db9-317b-4d80-be27-7492ef958d74,152 153 154
918c21e0-d5b9-4623-ace2-8a26a46dbc55,152 153 154
12005e01-dd33-41ce-adcc-c124dff5833c,203 204 205 206
c4bfa5ca-1b5a-4d4c-bf9f-f3a511b12795,152 153 154
daeff1b8-dbdb-4969-8a0c-0ced97c66382,177 178 179 180
c6231b18-3f75-4e46-a9ea-dc1d88c30eb1,45 46 47 48
d382c4fa-aced-4fff-8d83-0b932f394710,74 75 76 77 78 79 80
2c92fa8b-510f-4802-8ca4-3c46c7167bea,115 116 117 118 119
ce4e84ef-3e96-4738-8d39-d6daa2d81236,74 75 76 77 78 79 80
2f4305f3-5979-49eb-af12-d5cada8e39e8,16 17 18 19
0917a001-f0d0-4b6d-b915-1c1cc876f39b,9 10 11 12 13 14 15 16 17
e82f94b1-b989-4f34-9bce-e06db5d82325,9 10 11 12 13 14 15 16 17 18
c4ca0c05-c590-4d80-83f8-a746733e298b,29 30 31 32
3806e7ce-b42b-4174-9bf0-554bb9d78242,36 37 38 39
cdf10ace-cfbd-4826-aa89-a499a6c325cc,36 37 38 39
878c7536-f0de-447c-a348-8523be85e873,68 69 70 71 72 73
abd872c5-3f2d-48fa-935b-469c1fd0223f,0 1 2 3
09dc9ee5-87ec-4914-8e23-68e77b33c7b4,68 69 70 71 72
ff5b8a44-ccd3-4d1e-8e1f-73dac4077529,0 1 2 3 4 5 6 7
3b1584d1-ad6a-4ca7-929b-0039191f7ef5,0 1 2 3 4 5
cb22dd0f-8ef8-4677-9858-c98e38b8d3d8,0 1 2 3 4 5 6 7
2df163c0-76cb-4577-888a-8d71ea803a42,62 63 64 65 66 67 68
d83c0b17-6a16-4483-b59d-07a67117fff4,62 63 64 65
a05e9967-4722-43be-b525-9151f977faff,0 1
e68b7f1e-2753-4b5f-8ad7-5033c90726f3,62 63 64 65
d41939a0-d529-47d9-a96f-bf27c23864f5,0 1
923ca7d4-ccd2-47e7-ab4e-0e1f3edfc966,252 253 254 255 256
1b6ab194-828a-4ea5-8570-a3c0a5fd4d4a,252 253 254 255 256
ec75cec3-0fe6-48a7-aec0-0efdb6f1941f,252 253 254 255 256
d36e6d45-931d-4244-836b-c2f267fba576,26 27 28 29
76500457-9298-4292-b083-756bc360409e,26 27 28 29
08a139d7-63c5-463d-93f5-537f7b76e386,26 27 28
8ac3c558-7da7-4f7a-a3cd-3ceae2040a90,17 18 19 20
5ff767c8-e81e-4ae0-8688-e2bfba8de1dc,17 18 19 20 21
ce01ae84-eb53-4b31-b65c-9da0296c48d9,310 311 312
65626bce-7828-4f65-9111-30701f0d2576,0 1 2 3 4
72436ca3-56fa-459b-aa76-82213ef534ae,117 118 119 120
d54bcbb4-d41e-4b16-bb56-536082ee45f8,117 118 119 120
f43a945b-d81e-4f74-9547-0e4078173d93,73 74 75 76
88d3f6ee-548c-4e1b-b295-7b288ba30cf9,117 118 119 120 121
20cff800-7449-4447-8611-93201a329c50,4 5 6 7
4898b41c-6f6e-4b0f-9dad-d09dd61a7b3a,352 353 354 355 356 357
c87c1821-472d-4639-abd1-a049b11de175,352 353 354 355 356 357 358 359
e0dc1f75-5137-4d3a-a7b8-eaceb56701cb,4 5 6 7
b21d4219-1db9-494d-83d4-86378cfccd42,84 85 86 87
6ee3c79b-a6dc-4369-938d-e5b89af6994f,380 381 382 383 384 385
32a3543a-09a7-472b-a683-eb64e8efa4ee,238 239 240 241
f01ef7bf-efb7-42f4-9853-30c994a053ad,0 1 2 3
9cea5745-005c-43e7-ab99-10262be47211,0 1 2 3 4
7b466c2b-38c1-4f45-a5c7-d707efd8537c,296 297 298 299 300
63fe1e44-05ef-487c-bc14-775c18bac983,76 77 78 79 80 81
efedd5df-8b12-412d-abef-980d6f0fdac6,0 1 2 3
29a78534-7661-4ab3-b215-343e3c5ff0f6,115 116 117 118 119 120
f6c9c71c-dcca-4922-add1-c93260425179,271 272 273 274 275
64dc84bd-0c16-41e0-9eda-ed695047105a,299 300 301 302
5cffe322-d7b3-4b35-8d0e-4c063bb61bde,0 1
fa6723e6-c17c-4e13-afa5-198f7be412cf,0 1
494b1f4e-274a-4934-894e-d4861ca3ec7c,202 203 204 205 206
fc0db061-b1eb-496e-859c-1a04abebbad3,78 79 80 81 82 83
58c80924-41d7-4d99-93e5-fd01374ae7af,1 2 3 4 5
e1050773-a509-4e72-b2dc-97ad61665938,78 79 80 81 82 83
d1ac5777-b908-42f0-adda-c7fe8de81418,301 302 303 304 305 306
29a7ae1d-6be0-48e9-a6fb-459d71b38e76,245 246 247 248 249 250 251 252
2d0df8e3-2ee7-4426-945d-191909a0d840,63 64 65 66 67
461f93df-fc54-4c54-940f-3ddaffd7449b,245 246 247 248 249 250 251 252
bc51d762-f27e-43c9-8d5e-373886ff2a47,2 3 4 5 6 7
aaa085ac-2437-4a2d-8870-43a707e92721,2 3 4 5 6 7
38e44687-4046-4a83-8579-839fd4bf7aef,8 9 10
74c0577d-066c-4973-ac8c-dd98a8122b28,130 131 132 133 134
31d55106-4877-470e-aac3-b6d539297295,196 197 198 199 200 201
e1975da6-36a3-4c7c-be2b-31ce04b656a1,0 1 2
f398af6b-65d0-47cc-ac24-2ecdae175fb4,0 1 2
02b7f8de-585d-4d36-8721-a57c3a03c91e,0 1 2
307d8d50-2586-46f0-b724-cef27aa87ca3,21 22 23 24 25
45857eca-2ab3-48d1-b7d5-e0313d50fcee,355 356 357 358 359 360 361 362
14223088-9bdd-482a-afd7-59b7f3af7f48,21 22 23 24 25
61ceecdb-907c-4965-ba79-ca408ba99655,0 1 2
cc9be4a5-2ce5-4a83-b284-6b747ce42e4e,382 383 384 385
0e43afc4-724e-450d-b90c-eae9cdd9e042,0 1 2
63150a23-d8bd-4e9f-a694-2a4b50d35814,136 137 138 139
0175e3f8-c434-4a96-9e6b-e4300d7ac054,0 1
371b6054-fef1-4ae1-9ca6-7121e9658814,0 1 2 3
fe817f65-db4f-4653-9b49-46d5b7017245,119 120 121
7e7b81d6-21b8-4be2-9e4c-fe830f84a850,31 32 33 34 35 36
659db274-fc0c-4961-b5a2-420898197122,31 32 33 34 35 36
72c38698-e42c-4d85-b801-32e7a45291fd,30 31 32 33 34
28891d78-63b5-47b0-82a4-fb0d753b1127,30 31 32 33 34
4f3bb7fa-c87b-4e66-b9ae-d0bb8a4ef267,0 1 2 3
b4f5fbce-691b-442d-93d6-ce37cf372cce,3 4
d4f198ff-64f4-4113-aa86-4511ed582330,3 4
da6dd026-e286-4edd-bc83-73330eee3451,3 4
bc6c188b-e93b-4e9f-af88-709f5268b7e0,80 81 82 83
32dde4be-7b4b-446f-bae5-e9a88f738bf5,238 239 240 241 242 243
c188f89d-abdd-4929-8637-2fef3a8749a9,32 33 34 35 36 37 38 39
50c760c9-d729-4e75-9aa9-2aca45ab5643,32 33 34 35 36 37
2fe24748-8f4d-4765-b32a-1ff11f0845a3,32 33 34 35 36 37 38 39
54551339-26a3-4e16-bc17-13329518feca,0 1 2 3 4 5 6 7
d596777f-5d4d-4c49-bc35-47f4d7b6c1a5,8 9 10 11
cff15b32-c737-49b0-b985-c418cd40f462,8 9 10 11
5f338444-0599-411a-a619-5d053fc045e5,0 1 2 3 4
0cd22a29-07b4-48fb-8ca4-6acc6608b679,141 142 143
11651e43-7e83-4e25-b26e-788190f3c797,0 1 2 3
c63bd002-5232-4e9e-811d-f76aad9185b0,277 278 279 280
6ee4b118-6deb-4276-b222-a11a7dcd99c0,277 278 279 280
17339061-05ce-4289-a130-a3b2f701b392,21 22 23 24
e6d38839-c610-4591-b372-e855e70fff94,339 340 341
c999ce3d-cdec-4abe-a0da-104ce6279e3f,21 22 23 24
45b77111-692e-4b2f-8420-c4d45c597334,0 1 2 3
e1a3ab4a-d40a-46dc-b916-810cc72cfb5e,0 1 2 3
bac21d4a-a8a4-49ee-b1b0-495d3d8658c3,133 134 135 136
c9a15e58-9e67-42cc-bb0c-86aff58a87b7,6 7 8 9 10 11
dbdba1a0-4be6-43f0-8f04-2714cc6fdfd5,6 7 8 9 10 11
f7361827-3214-4c08-b376-5cead24605dd,9 10 11 12 13 14
cf5bbef1-bda9-43eb-93d2-6bb752ba0e21,14 15 16 17
775ad6bc-9784-4715-8761-4eec039cc020,7 8 9 10
40275ea4-60d1-436f-b6aa-6fe196b78320,23 24 25 26
8e906462-d221-41c5-8241-998258db7d11,14 15 16 17
eb50a9a1-b3b3-4da3-89a9-dbc8927e6512,53 54 55 56 57
1bc6f809-5cb2-4d27-9e2d-f26dcc9c78af,35 36 37 38 39 40
223f823e-56e6-423a-b8bd-737bec466e4c,256 257 258 259 260
589bd10e-fa7d-4282-8f06-9182ad5ffa64,1 2 3 4 5
8249f72f-465b-4186-bdee-f616a32dd16d,4 5 6 7
a4dbbd51-0f43-4a56-980b-1e9b11002f6b,14 15 16 17 18 19
4aa2a352-b78d-4e97-883a-0ab845c9a028,0 1 2 3 4 5
56d238c3-fd3e-4ef5-872e-e68b6b4fd184,14 15 16
2f992fb0-0976-4326-a335-a39c0e082866,0 1 2 3 4 5
99a88510-9681-4759-a70b-ce7493542920,0 1 2 3 4 5
1e6a1080-8b12-4e79-a1d5-233a339eeafc,0 1 2 3 4 5
a5212013-60c2-451d-b92c-3dda61aaa41c,35 36 37 38 39 40
fc82a715-7455-48ed-ba16-12e4c669bcee,22 23 24 25 26
3fff768a-d4a2-40a3-bdaa-3b441a7c2125,188 189
d8b23114-47e0-4963-aa47-19cb0dc7a60d,29 30 31 32 33
13e80183-b4a5-452e-ade3-0385556979a7,29 30 31 32 33
23f5b3c5-9d43-41c5-9b12-6cd78335bf1e,36 37 38 39
81ebea0a-f741-473b-ace2-4c64ca9c69a0,90 91 92 93 94 95 96 97 98 99 100 101 102 103 104 105
a1cfae8a-26b7-40c8-bee1-cb3f6d4f57cb,36 37 38 39
0c05700c-6acc-4ecb-9c12-64a5e5ea5c8b,328 329 330 331
1756026d-35cf-4cfe-b804-b3dd2ff3b79c,0 1 2 3 4 5 6
52e9ceea-0941-447d-a384-62bbf82bdf20,0 1 2 3 4
ce2de80f-9a73-46fc-9f4f-ecc51d756698,62 63 64 65 66
31a6fc3f-8609-4736-b7e6-20a1a97c0008,40 41
0cc638d9-b2aa-42fa-ad32-a6e8c95d1b93,0 1 2 3 4
221c53b7-9574-4acd-b60b-a68f3bea882b,2 3 4 5
f7c89534-4819-42a3-b5d5-389c0a123f88,220 221 222 223 224 225
a5695145-7cf0-4095-9daf-eb4403e6d582,5 6 7 8 9 10
27fa332a-1fd3-4226-9488-c79a8dc25536,5 6 7 8 9
4529f928-2719-494d-b5fe-281ba1248cd5,0 1 2 3
d1602066-5fa8-4747-a6ea-5d3248297038,304 305 306 307
551a0290-0e7e-4ce7-822e-d01c22978b99,233 234 235 236 237 238
eb263a5a-667c-46fa-a6aa-c185a5d93491,375 376 377 378 379 380
1c8c1eb2-d481-4c64-adc4-c0ea4d706fe6,13 14 15 16 17 18
9c934def-bcac-44f9-9ba8-e10c3996380d,36 37 38 39 40 41
b90c24f6-582b-473d-a7be-57db63a86cbb,36 37 38 39 40 41 42
a60db30d-1bcc-4024-8cc9-0188baa547c7,36 37 38 39 40 41 42 43
229f1825-b1ea-44a0-bd8d-a270257a16e8,36 37 38 39 40 41
3eb76a39-8a38-4718-bc23-88f720f868c7,9 10 11 12
90cb14f7-4270-4253-af3d-c33ddf1c61fd,2 3 4 5
34c64a30-64e6-42b7-ad5d-a385b2a3ee21,9 10 11 12
9e482d21-ee3a-4b8b-bf30-bcf066a1734e,0 1 2 3
a19fd2f0-bcc5-4f8c-b9ef-e590e035b612,0 1 2 3
eeb902e9-1bd7-4423-88cc-cacc1def9518,0 1 2 3
8d0f4600-c940-40e6-b02f-fe9ba7934327,0 1 2 3
ce1af27f-715c-459b-906c-478d8cbff83a,247 248 249 250
ef8a10f7-0717-40c5-a439-ffe79217979a,1 2 3 4
61f33a47-ee06-4bdd-b845-69df4a2873ce,1 2 3 4
de5977bd-38fe-4e6a-b931-0230cfb998c9,205 206 207 208 209 210 211 212 213 214 215 216 217 218
f04db8c3-c784-4926-9c9a-d7e533662df7,205 206 207 208 209 210 211 212 213 214 215 216 217 218
bcf8bf0d-8882-49f5-8cb5-d772b8734661,0 1 2 3 4
6e65141f-dffb-4e7f-8d4e-9af43a5a461c,0 1 2 3
c4df64d5-6dc6-4b5a-9259-cdfcc58ee3c5,304 305 306 307
87bee5aa-5e78-4857-8a6b-c0e2eb1db6f2,0 1 2
6dc0b434-71b0-4432-b553-b34ef7ad6755,0 1 2 3 4
5cc41c6b-dc76-4fc0-b6af-1a7dc764562a,51 52 53 54 55
f2301843-e56a-4e93-9e7d-7876256d238b,51 52 53 54
b1d93754-077f-414f-8511-5b47d287d392,44 45 46 47 48
fbb4ce2d-b111-481b-b13e-0740aa736e1f,44 45 46 47 48
ca0d76f5-9721-439e-a2ec-939382503cc6,161 162 163 164 165 166
ff15c715-95b3-4595-9c43-e439ad5194dc,126 127 128 129
20b1145f-d1ec-4892-9033-ded39db80237,107 108 109 110
0e94fbf7-e0f4-4741-be47-b2ab7461e70a,126 127 128 129
01199710-bedc-4e16-a071-2c0baba79f87,13 14 15 16
c8c6cd58-7e85-4866-95b6-197890f58b30,96 97 98 99 100 101
57626b58-3816-4f9d-a4ac-e353144b97ad,169 170 171
84f9d7e9-9353-4a1e-aee0-089624abbbcb,216 217 218 219 220 221 222
604679a3-8d1d-4940-bc32-bb1a0f578dad,26 27 28 29 30
822301af-a1b7-4f3c-89c0-f653b38deaf4,190 191 192 193
0de92e09-d80c-4b55-949c-5e60bff85d35,116 117 118
2df43f8a-4b1d-4a62-aa24-170d5745ba60,116 117 118
d014abd2-102a-4869-93de-65561d9d933a,516 517
965db99d-31ac-4cb5-b906-246ece42c3ee,64 65 66 67
c0f4f678-9c44-4fe5-9daf-6e0b99229f52,188 189 190 191
60e99292-a9fd-450e-b6bb-d559e3f60249,64 65 66 67
7323d7d8-d08d-4993-9471-c57fbc2c1b9b,59 60 61 62
eae3cca6-61a3-4bff-9d29-52cda91efc7b,0 1 2 3 4
71d7b6ef-33f8-41f4-a960-3539bba86b7d,59 60 61 62
4c7fb189-12aa-47cf-9036-f6964d99faf9,0 1 2 3 4
02cc0a4a-12fb-4074-be0d-f47e73845c80,-1 0 1 2 3 4
6f53c047-fe7e-4341-8132-db456d9f8d8d,120 121 122 123 124 125
fc9b0be2-07e2-4a38-bb93-697075205868,267 268 269 270 271
6b735236-72ef-4a5a-84ac-09589aed1a95,21 22 23 24 25 26
3cb9c80a-47c4-4b24-9163-fd78f05d40ea,21 22 23 24 25 26
97cdecfa-2d83-4bc2-849a-3fb54093224f,21 22 23 24 25 26
31c907dd-9a21-4550-919a-e3d5ec266ddf,21 22 23 24 25 26
830b099e-99c0-4202-879e-8a7811c7c50a,21 22 23 24 25 26
1f30be6e-91af-445d-b194-49e306b0a77f,226 227 228 229
6cb98c35-b6a9-41c4-8517-839530fa2585,226 227 228 229
7f5e816a-482b-4c1c-bf2a-f9d31acd3d26,226 227 228 229
8623d9d2-30c0-45dc-bfe5-de9b205fee04,226 227 228 229
78db256b-a11d-42ba-8b1a-ed941179bd6a,12 13 14 15
e8a0be68-b0c7-4473-9b00-72e16ae8ad24,3 4 5 6
442b6b9c-3798-4a22-a6f6-b2ec7ccd2c70,12 13 14 15
0e1a18d6-69d0-4450-9c61-ab97b2b848fd,3 4 5 6
50ed6e78-d5b3-4c22-a247-8f0d01e783e2,0 1 2 3 4 5 6 7
2333e921-65b3-4cba-b3be-926d1beea0c9,0 1 2 3 4 5 6 7
3f35b5af-66b5-484a-9813-071ad7a6997b,0 1 2 3 4 5 6 7
2d69b229-2403-416a-bf45-9b8994d08ded,5 6 7 8 9 10
bb6778b3-bdd5-4813-bc8c-279894b8ca8f,5 6 7 8
379a7b62-3146-4d1c-8c65-f964258a2389,5 6 7 8
16b2fe0a-21de-4fae-8c1d-96002e6cf76b,5 6 7 8 9 10
c1912fe0-4714-40ab-8ede-181b9e666547,0 1 2 3 4 5 6 7
abd69d77-db17-4d67-8107-0757f7caed1b,10 11 12 13
8fdfe25a-4ade-48dd-b5e6-9ed445a9b666,0 1 2 3 4 5 6 7
f4f09b4f-6664-4653-8a2e-877ae31b6418,0 1 2 3 4 5 6 7
f5c55943-53fe-470d-bcc5-b29acb7119be,0 1 2 3 4 5 6 7
a29ea8ed-a542-4217-9fe6-0b9a65f103a3,24 25 26 27 28 29
c43a4a84-2b8a-4046-8f77-c8d49cc452db,17 18 19 20
30179769-b28d-4b3e-9301-ce73ad2ade63,0 1 2 3 4
a063a31c-736a-4388-b5a9-cd1c8424821f,0 1 2 3 4
ee09c501-ff62-4950-8be0-e20e22cbd37a,9 10 11 12
6dc55db7-1611-458d-b84c-be10fb1b9260,22 23 24 25 26
3d425088-ef22-4bb5-adef-b67181750a04,34 35 36 37
f16d0c9e-e674-487e-a778-7853d753ae89,193 194 195 196 197
62138018-0d10-4cb8-be07-600840504b95,0 1 2 3 4
f7315bd8-1581-41db-92e5-b08e6d236a8c,0 1 2 3 4
558e77d1-a869-4ef7-998f-9becfd50edbc,107 108 109 110
f73ebc2a-9bf8-42fc-8d03-525e8c0c4c9e,251 252 253 254 255 256
f2ad2a12-528b-4963-9b68-5da44f7e473d,1 2 3 4 5
ead47f73-0e82-4b68-a8ee-297092eb93fe,263 264 265 266 267 268
2ff5f589-acf6-4930-b3e8-a00c5742d431,19 20 21 22 23 24
7fe67ab1-6cdd-402e-ac20-a2c1db7348e0,19 20 21 22 23 24
71a28993-8823-48ac-9f5f-0ac23ff81775,19 20 21 22 23 24
f6244c8c-24b3-40fe-af36-41b0ced7f4ca,289 290 291 292 293
33c4e6f0-10a7-4a5d-9801-fad68303f7ab,11 12 13 14
e32937b5-c89c-426c-a312-760455bd4d5b,42 43 44 45 46 47 48
aea7c650-3640-451d-ac8e-70cf42afe849,0 1 2 3
4255cd66-e96d-4b4d-9685-336860b47a98,42 43 44 45 46 47 48
904340a7-5509-45a2-88c1-dde1443e1b11,254 255 256 257
b5c807cc-8691-42fa-a96d-e087a49405c9,41 42
8c19150a-c915-430d-a210-b87d918fefc3,254 255 256 257
446a922c-296b-429d-ab95-c03f894a24ae,32 33
e0a7093c-b43a-48d2-9ce9-fcfc6bb49add,58 59 60 61
b23f1808-c826-4760-be01-70531682883e,182 183 184 185 186
0a49aa03-27b3-4585-be78-edd2d41170a6,0 1 2 3 4
a71278a3-74e8-48b3-902f-545073c4bc13,182 183 184 185 186
9dcfcc06-2829-4837-b014-e1d2547800b8,214 215 216 217 218
e6f6cbd9-75aa-4f6f-a9eb-268c1c4119e4,214 215 216 217 218
580d91a4-17dc-46d0-9210-bef576869db3,4 5 6 7 8 9
eaa83d14-f0e9-4a15-b920-07d139319bcd,0 1 2 3 4 5
b52e3b45-37df-423d-bf2d-57ad09be1432,0 1 2 3 4 5
5cd69081-b8ac-4099-a850-a3e6c13f282f,4 5 6 7 8 9
c2edf61f-734b-40c3-88aa-34c715acc9e0,139 140 141 142 143
1d56b912-fb95-4947-85af-90fc7f917410,139 140 141 142 143
a9ed67d6-449f-4e57-8916-fd5924eab436,139 140 141 142 143
0cf3d480-8cac-4511-8d74-18095195ff12,8 9 10 11
8598b063-57b6-4a56-9a9f-f4ecdb28fb12,10 11 12 13 14
0a68a815-fa8e-43aa-9e99-abf604feb50c,8 9 10 11
0eee63ad-3203-461c-89f5-3eeac2833820,392 393 394 395 396 397 398
aebe831e-3b32-4281-852a-2447c6c9f557,392 393 394 395 396 397 398
af98e14c-e4a9-41bb-bbd1-afaa58c8285c,345 346 347 348 349 350
ac88d1a5-2485-470e-9897-c24fee001994,36 37 38 39
60cb1813-5d3e-4df5-9773-a44a42aa3e0e,36 37
3580a75b-e5dc-4078-bba5-3102deea4d36,0 1 2 3 4
55813de4-a852-4c6b-9b45-757ebca01a07,64 65 66 67 68 69
211be622-22e2-4fe5-b421-e3f6b73c0725,15 16 17 18
63db0515-a43f-4692-adbd-bacf421c4f3b,15 16 17 18
8b0a7a5f-7e59-43c2-9636-ba960c9efbac,117 118 119 120
16f5c3de-6109-49fd-b183-717cb449e2b1,83 84 85
782b0aa1-4247-4179-bde6-5d969950fc5a,0 1 2
c1cc2546-7dd0-4db0-a420-33080cb45e9c,83 84 85
9c3b6b31-dfac-4f70-8528-49a173de6573,0 1 2 3 4 5
f74f9e38-2c17-4347-beca-cf265495771d,239 240 241 242 243 244
a88714cb-f1ba-475d-8735-10f1def09b5b,239 240 241 242 243
21ff6cb0-d9e8-4921-9902-a907a50893af,239 240 241 242 243 244
9eb9d93e-a502-4d83-817d-1d1e7f48308d,6 7 8
78479ae4-4672-48d4-a3bc-9ec8a11a2400,6 7 8
6faaa5ec-9fbf-4e5f-bea4-50249727acce,30 31 32 33
014b8ddf-7c91-4954-83de-7ddd97bbd277,23 24 25 26 27 28
348a04ff-47b5-4493-b551-333fba31c56c,0 1 2
47a23182-7308-4175-abdf-58335a8b0d58,23 24 25 26 27 28 29 30
4f5552d2-9d76-46d6-b290-d323045a3674,298 299 300 301 302
05941112-5058-47ca-a8b2-0f594eb16778,358 359 360 361 362 363 364 365 366 367 368 369 370 371
ddf12224-6627-4c86-bf9b-768402f1e37c,46 47 48 49 50
f03296c9-102e-4535-b6b1-dc3a217b946e,19 20 21 22 23 24
a3fbaa92-a83d-4d8d-96d2-e0067c52c4ee,85 86
b472bf6c-beac-441c-91e5-ec13239a6165,0 1 2
08876756-0876-4f91-af87-75483477025e,12 13 14 15 16 17 18 19
bf761f31-217d-44d4-aa95-eaf36571b440,29 30 31 32 33 34
30ec4e15-4ffc-43fc-a378-a96a9867fbe6,17 18 19 20 21 22
85d874d5-2a8d-4f20-974e-7a78105d306f,4 5 6 7 8 9 10 11 12
1117f240-08d2-4560-a87c-3c4f1602a612,0 1 2
181c92dc-f3c6-4892-8306-1bb8f8c4f46c,0 1 2 3
05555dd4-c6e3-468b-9759-358dee9fee8d,0 1 2 3
17c5ee6f-8697-47eb-90cf-6f33b494cb5c,160 161 162 163 164
262849a2-64b1-4d5c-8112-95fac4b9c69e,0 1 2 3
f68a09a5-e342-4c5e-b4cd-7aa7c92778cd,7 8 9 10
8513dba1-50c0-4a79-994e-cd9e666747cc,7 8 9 10
0e278358-8267-4801-8434-e6d13fdf317d,7 8 9 10
c26ec80a-c549-4f52-b4f3-3829e4bec8e5,7 8 9 10
e87bd903-3296-47d7-a355-d40d4249db35,44 45 46
1d2c4f2f-b945-4ef5-bdc4-7baf814a0cd7,44 45 46
8c3327cb-00ec-4399-a8c4-060a22cc52f0,44 45 46
f076189b-2121-4401-9dd7-2c5fdc8d787a,6 7 8 9
458a975f-832d-4862-89d0-58117e96c7ef,185 186 187 188
d9a9e48a-b973-4af9-80fd-043abc35ff27,6 7 8 9
33371bd7-eacb-43af-b90e-1a138205b0fd,330 331 332 333
fcd9a437-c8e7-40a9-a191-47605b691396,0 1 2 3 4 5
e7d283cf-27e8-448f-8b9c-a600fe3320a2,37 38 39 40
b63ad815-8664-4573-bcd1-60a41cf5a111,0 1 2 3 4 5
edc1d75b-267b-444c-aeb3-f07d9b15ec98,8 9 10 11 12
38caa78f-a01f-46e4-b0ac-4e0940a4de7f,42 43 44 45 46
29f548e9-bee6-4531-8c8d-da6e392bf6dd,142 143
d52d0ca4-1fba-4fd8-9aa1-74e78a8a8fc5,61 62
2fe3c3e5-ad72-45ff-a726-ae2d255bf7a1,0 1 2 3
0bb9edc4-4b7e-44f9-8ad2-99410b80931b,309 310 311 312 313 314 315 316 317 318 319 320 321 322
a220c3d8-9618-46d4-b5cd-9d1834d6761f,0 1 2 3
7bb5fe4c-9284-4906-be76-83775e093927,0 1 2 3
39ba128a-63d1-4013-87e1-115f642d8ea8,30 31 32 33
f3ac4d01-fc30-4ab0-929a-a7d1478c69d5,30 31 32 33
42eca218-60b9-49b5-ad5a-5b94954113a6,43 44 45 46 47
cf5f9bf0-9e83-4f30-a95d-4c105b87759a,30 31 32 33
f775e94f-d730-4892-a9eb-4e6fa2f5b139,30 31 32 33
834e04b9-1328-4856-bd36-73a082876fff,53 54 55
fb161f05-9124-40cd-bc43-f929145ac770,53 54 55
52a65aea-6426-4b13-aa17-83639be6a2c1,14 15 16 17 18 19
7fabc816-693d-41db-814f-094a2d053035,430 431 432 433 434 435 436 437
c78fc50d-424d-41da-94c2-0cfb767be7fc,13 14 15 16 17 18 19 20
37439f70-8c1d-4eb8-9d10-e068f80d8292,371 372 373 374 375
89d57373-e73e-4b72-91c9-856f56ab8a2d,78 79 80 81 82 83 84
bba0674a-f78f-4620-8592-08e6ad02e399,371 372 373 374 375
64987573-00ab-4670-8f14-4c15dae1c2fb,-1 0 1 2 3 4 5
08866468-1d38-4096-b957-1d5bcde0d018,11 12 13 14
c526c42d-621c-42fe-b709-d46e85782db8,11 12 13 14
790d07e2-7137-4662-b54b-48a385a4c1fe,11 12 13 14
b5f8a894-625b-44b4-8ac9-ba506d96618f,103 104 105 106
41cb6fd5-d6d9-4e9c-9411-6b7be7a4959d,82 83 84 85
2ca0f784-ee90-4160-b607-1c37f6331810,150 151 152 153
98f360a0-3665-437d-88b5-e063fbe95d5c,77 78 79 80 81
370c4a03-f672-45d6-a5bf-0c4f654bfdb9,77 78 79 80 81 82
37b3c29d-b470-4005-bcbc-d3d3e4844ab4,186 187 188
00c346d2-0b0d-4ae0-9426-5b4643ea8a49,77 78 79 80 81
bfe6d833-900d-4880-8563-34bb6501f7d9,77 78 79 80 81
bd5bdd11-449e-4885-9759-12ed6565338c,23 24 25 26 27
7a4ed053-7165-4e13-ada9-312ab568b354,23 24 25 26 27 28
e2189d59-a54f-43b3-96b7-e3525cec5443,23 24 25 26 27 28
7886347d-4d7c-480b-880a-0a0141f9fdc6,70 71 72 73 74
ff5b9352-db1d-4719-a2f4-f89947acb44b,0 1 2
e7c6853b-fa4a-40af-bb0c-e37ca95c6c56,162 163 164 165 166
64e2fb11-8459-4f7f-8d53-37537494be6d,70 71 72 73 74
71715c8d-66d5-41aa-af23-b2536c35be6e,52 53 54 55
ae07344a-984e-4ec1-9702-ece21a41dd4c,205 206 207 208 209 210
4553cc4f-11cc-4a7c-824c-c34003077c64,52 53 54 55
492d34a2-c34b-48a2-a03b-ed801d8bbff3,24 25 26 27 28
5aebfc0c-454a-498c-8602-9d32cbc62f1b,24 25 26 27 28
94475638-c287-421f-84c6-565d87fb4138,121 122 123 124 125
2209e60b-29b7-4c16-9543-71ea015c1468,2 3 4 5 6 7
bacd403e-2bba-4d03-999c-2b443e52a426,279 280 281 282
89b0eca1-6fd8-4fa1-87b4-791fac555e64,279 280 281 282
417f0671-170f-4372-bd24-dcdcad82833d,0 1 2 3 4 5
cd9fb045-e38e-4e4d-bbc5-3ecc766392be,27 28 29 30
fa33176c-6964-42cf-8391-d3dd3429aac1,168 169 170 171 172 173 174 175
934f1580-cabc-4a44-9a9c-1258006d7e40,-1 0 1 2 3 4
c75af1dd-3ecd-4b45-bc79-42564ec523ca,13 14 15 16 17 18
f7db6c93-243b-400a-aebd-dd62e221d88d,26 27 28 29 30 31 32
d6d6ba2f-33f2-4e39-8442-ee40b517e11c,26 27 28 29 30 31 32
b9c1411d-5898-4ef0-8366-990aa830d539,26 27 28 29 30 31 32
a63a3d03-4514-4fc5-a86e-b4c9b210a156,0 1 2 3
1bc624e0-9b4c-4391-95b3-95c8562b0cf1,335 336 337 338 339 340
f8f6bcc1-1bca-41ba-92d8-1ba0e8ea201f,0 1 2 3 4 5
f9a7f1bc-33d7-4d26-a4d8-22c3620e236b,13 14 15 16 17
938c4df3-daa4-484b-8d53-f6708939c77f,6 7 8 9 10 11
714f6939-5747-41fe-bd64-ad804085b68a,0 1 2 3 4
c5e7e86b-2943-487e-af7a-bbde39bc4618,8 9 10 11
f0ab97a9-99f1-454b-a158-3522cc467487,8 9 10 11
5f532594-e499-4a89-bfb1-31c45d7189ab,345 346 347
8a95cc5c-4d02-4cc9-8641-ea2c37359e09,0 1 2 3 4 5
5e81fa9e-381d-44c7-85d6-c9fdc6e7ff62,303 304 305 306
471e6601-46c4-4480-9d45-6e52860a2d4a,0 1 2 3 4 5
641aa14a-3808-4912-af75-69d955b850bf,303 304 305 306 307
7121ccd0-cbe7-47c4-a0b1-8a6fe29b0261,214 215 216 217 218
abce6cb7-3f2a-4cc6-ab3b-a1e1ff37271e,175 176 177 178 179
d79b7682-db9b-48e6-8354-9d27b3c3b630,0 1 2 3 4 5
333c93b5-fdb6-4b44-86c4-007d1cbe4d65,342 343 344 345
66a85fc3-e0f2-41b9-bf8f-e66f0074fc24,55 56 57 58 59
52433c07-7764-4192-b11f-c841b2d2c56d,342 343 344 345
f816c1c9-493c-48c7-a517-836628586aac,29 30 31 32 33 34
07655935-9305-4a53-b497-6c3475248c72,29 30 31 32 33
8dbce742-5b17-4ddc-8849-edb59f176cc0,128 129
3ed73aad-9bc7-47ec-941f-bda1fde38334,-1 0 1
f532d7f6-c598-4a10-90a1-2320d1b705c0,287 288 289 290 291 292 293
848b2338-26e7-4ae9-9a86-e4401d5f6dab,70 71 72 73 74
e94df802-5156-4da1-996f-69a98364ab99,338 339 340 341 342
5b3aa5d4-79a2-482d-a24e-3f45dc63e54b,70 71 72 73 74
e8f8eb82-c27b-4879-ac67-f0c4e52aa16f,338 339 340 341 342 343
d11f39df-d273-402c-84e6-2f80c3d27001,0 1 2 3
9f5fed4b-9e86-4b75-a20b-05e06ed9d294,0 1 2 3 4
a5721722-c7f5-4a94-9569-0c93bf5e292c,127 128 129 130
33a9e144-4c60-4484-bd0e-8682f11d9c47,288 289 290 291 292 293
ca9ab687-2a6e-411d-816d-026651bb9720,0 1 2 3 4 5
d4eee259-3e88-4006-8d30-3a85475932dc,-1 0 1 2 3
e24ba540-22d3-4db5-aaad-0f348702cc82,0 1 2 3 4
9345d9ff-f28e-4193-b740-eeb75cd4fad7,0 1 2 3 4 5
0da83ad0-6bc8-4176-ae04-a3edd8ff36ee,0 1 2 3 4 5
3d3075ae-bf77-49c5-a91d-c0f5556fcab4,333 334 335 336
b272f2b1-3fa2-47ef-8a46-e264f033a2b9,-1 0 1 2 3 4 5
8096df97-8614-4c5c-b194-71508a33c429,333 334 335 336
8c29d4a7-27e4-433c-84dd-c613898a20be,0 1 2 3 4 5
a948d0ae-d1f8-40b2-8946-03fe9d131245,5 6 7 8
9613dcba-3d3c-4889-81ea-92897c138b63,5 6 7 8
e632ea3d-cb9b-4ff8-8ce4-241ed0ce90b6,0 1 2 3 4 5
ed33bf0a-4258-4153-a9df-9020492cc3ea,0 1 2 3 4 5
dabd3125-7153-4535-973e-66c9351cdebb,0 1 2 3
96126d24-1aee-42e2-9217-1601a492c39b,0 1 2 3 4 5
0477e5a4-9248-46b5-90eb-3f1b70a82776,4 5 6 7
55af5ef3-78c3-4f39-b516-2923bbca3359,4 5 6 7
28c0eea3-abbe-4815-be3e-033884eae2a8,295 296 297 298
758bf1ac-5d3a-4a46-a461-a24a5109c6b0,0 1 2 3
bd2d3873-d04b-47d4-9018-1a5880be2325,0 1 2 3
9e4450c1-13b3-4703-a1c1-790adf5de8fd,303 304 305 306
5daeaaae-3ece-4109-a0cc-c3747b396d37,0 1 2 3 4
9078bc21-eb23-483b-abc0-c84871974e8f,0 1 2 3 4
363a35d7-a9c1-497d-973e-e1d4fa97de2c,0 1 2 3 4
599c4e73-2454-4e67-b23e-4e26360ccdf1,0 1 2 3 4
00a1e7fd-0248-45c9-b1b2-3f51374f4499,0 1 2 3 4
9d01a2c2-fce7-494a-a76e-e2b5152c0b9f,0 1 2 3
842b2f8f-c79a-42d6-8347-3cc5b8142a24,0 1 2 3
c940e4ad-efdd-4795-8d1a-3448d1348df6,0 1 2 3 4
b1318026-d083-4b44-a72c-d7f42f83eae1,0 1 2 3 4 5
e21b1ac3-9c8a-48a0-9c2e-2d2c93cea18c,0 1 2 3 4 5
f4216863-ee55-4ad4-9510-eafcc96cdb75,0 1 2 3 4 5
74c62a42-afe9-4c18-b523-2ff52b463d22,6 7 8 9
c29a644e-5771-493c-abdb-fd1ccaf00672,215 216 217 218 219 220
35d8d8ae-549b-4db2-8b67-c0312f0c5440,342 343 344 345 346 347
4f688d6c-b04b-4f0e-955b-71ccf187432f,59 60 61 62 63
2fb34ff4-0c59-4ef3-9090-823ab29c9182,0 1 2 3 4
dff5a17b-b5e1-46d1-ad52-20eb20c9c55a,35 36 37 38
7c182d65-9478-4a42-8455-9e14b3651ad8,35 36 37 38 39
ff53a878-03d8-4660-acaf-3d46d01f103c,321 322 323 324
93ee4eeb-a5cb-4d4a-b706-2b0a337600ac,24 25 26 27 28 29
ce4bb736-18bc-4bdc-b68e-c96856e156e1,49 50 51 52 53
704c1272-1d58-4790-93b2-3def60a06ad0,11 12 13 14 15
9821c5be-aa81-4f89-87a3-5f0818d5c2ae,24 25 26 27 28
5c459dfc-0f4a-4808-a720-c4adc5023c4f,11 12 13 14
a9c4d413-fd61-4dda-a40f-66dcc0e48d86,313 314 315 316 317 318 319 320 321 322 323 324 325 326
5f1db9cf-6ea6-40ea-b9e9-3230da7e78be,313 314 315 316 317 318 319 320 321 322 323 324 325 326
52379852-486d-448e-9ce9-daa36f456052,318 319 320 321
c4ac5b1b-1a90-4632-a2da-94efe53c539b,0 1 2 3 4
c3e8560e-fffe-4da5-bb1d-933a71c078fe,39 40 41 42 43 44 45
6d0ab104-8c81-44d1-86a0-8f452628798b,39 40 41 42 43 44 45
7ac863c4-5ea1-46d5-8a2b-892a11444c7c,231 232 233 234 235
fa06f255-d094-4262-a9fa-c075dd9e36e3,23 24 25 26 27 28
203d5640-877f-4f77-b272-04c2688596fd,18 19 20 21
da3af7d4-39ab-475d-a743-b07331033b0d,0 1 2 3 4 5
0345fc60-022b-4611-831e-dea29192b0f0,0 1 2 3 4
6bdb7537-60fe-4ddd-9f78-7f3ccfc3ba70,105 106 107 108 109 110
4bef1169-9f2a-4f53-bb63-59f654f21010,41 42 43 44
d462c2f7-a5bd-46a1-833e-5c77630a7dd7,304 305 306 307
572ba78e-8a32-4a9a-8fd8-a1ebaf521d15,41 42 43 44 45
48c7f8aa-8568-4d0a-a86e-41e57f80a7a2,19 20 21 22
791d5079-3d72-4ea7-ba64-b85e1a0117ce,32 33 34 35 36
8a54a5e4-6535-461c-9c0f-87a92e60e383,38 39 40 41 42
fae98718-188e-444e-9f89-235f21d37ab2,38 39 40 41 42 43
8cb235c3-5669-4f3e-8987-607169073afd,0 1 2 3 4 5
f9f7adf7-3a8a-437e-9729-13a71cbe244d,0 1 2 3 4 5
0f60504b-3a78-4ceb-9313-20fa34a3c21e,0 1 2 3 4 5
4b71f25b-8193-44e6-baab-895a5dd79886,0 1 2 3 4 5
f38695aa-21cb-4453-bf8e-6947a13393f5,0 1 2 3 4 5
685430bc-c7e1-4262-9fd1-59c3ea9bb44c,162 163 164 165 166
af4fae31-85f8-4ab7-bf34-02c85290c6f4,221 222 223 224
f24cda22-299b-49cb-a089-6e8646e84e7f,0 1 2 3
6a8bd961-b382-4a5e-90d9-0dd6d57a2726,124 125 126 127 128 129
d1f3d8aa-82d8-4912-9df3-c29f0fa2bfa4,464 465 466 467
9959564a-ef3b-4907-abad-4ee1fd18f590,37 38 39 40 41 42
4e40c774-116a-4361-8807-f5d0b2279820,0 1 2 3 4 5 6 7
910e3dae-f7d7-439d-b82c-1f953cde202a,37 38 39 40 41 42
25208ff9-e195-4131-8c0f-473af3136e3d,19 20 21 22
63892306-0f95-4130-9775-e63ca6c2ecdd,207 208 209
32e20ff6-4694-4aee-b447-850137983f89,207 208 209
8ca3e58e-ad26-4e0a-bbaa-9ec80117e8ab,0 1 2 3
037c9645-65f9-4f07-93ac-ce8d415c9dcb,0 1 2 3
f743085c-7e6a-4cd8-84f9-ace22fe8a553,166 167 168
4033f659-134a-4e9f-8b1c-450e21ac0081,16 17 18
f33fc052-a988-4af0-8452-5feedcc67b0a,4 5 6 7 8 9
27f01a6d-aacf-49fe-ae40-50e7d32c1d98,0 1 2 3 4 5 6
12ee4d31-0c6d-48c6-ba76-c2571d2bd4b7,0 1 2 3 4 5 6
